9.000000000000000000e+00
8.000000000000000000e+00
1.000000000000000000e+01
1.000000000000000000e+01
1.000000000000000000e+01
1.000000000000000000e+01
9.000000000000000000e+00
1.100000000000000000e+01
1.000000000000000000e+01
1.200000000000000000e+01
9.000000000000000000e+00
8.000000000000000000e+00
9.000000000000000000e+00
1.000000000000000000e+01
1.000000000000000000e+01
1.200000000000000000e+01
1.000000000000000000e+01
9.000000000000000000e+00
9.000000000000000000e+00
9.000000000000000000e+00
1.200000000000000000e+01
1.100000000000000000e+01
1.700000000000000000e+01
1.700000000000000000e+01
3.600000000000000000e+01
9.000000000000000000e+00
5.900000000000000000e+01
2.000000000000000000e+01
3.100000000000000000e+01
2.500000000000000000e+01
3.900000000000000000e+01
3.700000000000000000e+01
2.300000000000000000e+01
3.200000000000000000e+01
4.700000000000000000e+01
4.600000000000000000e+01
2.000000000000000000e+01
4.400000000000000000e+01
3.100000000000000000e+01
3.300000000000000000e+01
2.800000000000000000e+01
1.700000000000000000e+01
2.000000000000000000e+01
1.900000000000000000e+01
1.600000000000000000e+01
1.700000000000000000e+01
2.900000000000000000e+01
3.200000000000000000e+01
6.100000000000000000e+01
5.600000000000000000e+01
7.200000000000000000e+01
7.900000000000000000e+01
9.500000000000000000e+01
1.510000000000000000e+02
2.000000000000000000e+02
2.000000000000000000e+02
2.000000000000000000e+02
1.450000000000000000e+02
1.790000000000000000e+02
1.580000000000000000e+02
1.800000000000000000e+02
1.390000000000000000e+02
2.000000000000000000e+02
1.310000000000000000e+02
1.610000000000000000e+02
1.470000000000000000e+02
1.850000000000000000e+02
1.350000000000000000e+02
1.550000000000000000e+02
1.290000000000000000e+02
1.530000000000000000e+02
2.000000000000000000e+02
1.420000000000000000e+02
2.000000000000000000e+02
1.850000000000000000e+02
2.000000000000000000e+02
2.000000000000000000e+02
1.950000000000000000e+02
2.000000000000000000e+02
2.000000000000000000e+02
2.000000000000000000e+02
2.000000000000000000e+02
2.000000000000000000e+02
2.000000000000000000e+02
2.000000000000000000e+02
2.000000000000000000e+02
2.000000000000000000e+02
2.000000000000000000e+02
2.000000000000000000e+02
2.000000000000000000e+02
2.000000000000000000e+02
2.000000000000000000e+02
2.000000000000000000e+02
2.000000000000000000e+02
1.600000000000000000e+02
1.840000000000000000e+02
1.480000000000000000e+02
1.690000000000000000e+02
1.600000000000000000e+02
1.960000000000000000e+02
1.890000000000000000e+02
1.930000000000000000e+02
1.660000000000000000e+02
1.730000000000000000e+02
1.640000000000000000e+02
1.660000000000000000e+02
1.790000000000000000e+02
1.990000000000000000e+02
2.000000000000000000e+02
2.000000000000000000e+02
1.910000000000000000e+02
2.000000000000000000e+02
2.000000000000000000e+02
1.860000000000000000e+02
2.000000000000000000e+02
2.000000000000000000e+02
2.000000000000000000e+02
2.000000000000000000e+02
2.000000000000000000e+02
2.000000000000000000e+02
2.000000000000000000e+02
2.000000000000000000e+02
2.000000000000000000e+02
2.000000000000000000e+02
2.000000000000000000e+02
2.000000000000000000e+02
2.000000000000000000e+02
2.000000000000000000e+02
2.000000000000000000e+02
1.980000000000000000e+02
2.000000000000000000e+02
2.000000000000000000e+02
2.000000000000000000e+02
2.000000000000000000e+02
2.000000000000000000e+02
2.000000000000000000e+02
2.000000000000000000e+02
2.000000000000000000e+02
2.000000000000000000e+02
2.000000000000000000e+02
2.000000000000000000e+02
2.000000000000000000e+02
2.000000000000000000e+02
2.000000000000000000e+02
2.000000000000000000e+02
2.000000000000000000e+02
2.000000000000000000e+02
2.000000000000000000e+02
2.000000000000000000e+02
2.000000000000000000e+02
2.000000000000000000e+02
1.990000000000000000e+02
2.000000000000000000e+02
2.000000000000000000e+02
2.000000000000000000e+02
2.000000000000000000e+02
2.000000000000000000e+02
2.000000000000000000e+02
2.000000000000000000e+02
2.000000000000000000e+02
2.000000000000000000e+02
2.000000000000000000e+02
2.000000000000000000e+02
2.000000000000000000e+02
2.000000000000000000e+02
2.000000000000000000e+02
2.000000000000000000e+02
2.000000000000000000e+02
2.000000000000000000e+02
2.000000000000000000e+02
1.960000000000000000e+02
2.000000000000000000e+02
2.000000000000000000e+02
2.000000000000000000e+02
1.920000000000000000e+02
2.000000000000000000e+02
2.000000000000000000e+02
2.000000000000000000e+02
1.860000000000000000e+02
1.620000000000000000e+02
2.000000000000000000e+02
2.000000000000000000e+02
2.000000000000000000e+02
2.000000000000000000e+02
2.000000000000000000e+02
1.680000000000000000e+02
2.000000000000000000e+02
1.540000000000000000e+02
2.000000000000000000e+02
2.000000000000000000e+02
1.630000000000000000e+02
2.000000000000000000e+02
2.000000000000000000e+02
2.000000000000000000e+02
8.100000000000000000e+01
1.420000000000000000e+02
2.000000000000000000e+02
2.000000000000000000e+02
2.000000000000000000e+02
2.000000000000000000e+02
