-1.440000000000000000e+02
-2.304000000000000000e+03
-7.170000000000000000e+02
-3.120000000000000000e+02
-2.230000000000000000e+02
-7.100000000000000000e+01
-4.610000000000000000e+02
-8.800000000000000000e+01
-3.060000000000000000e+02
-2.220000000000000000e+02
-3.380000000000000000e+02
-2.610000000000000000e+02
-9.000000000000000000e+01
-2.210000000000000000e+02
-1.640000000000000000e+02
-7.900000000000000000e+01
-1.080000000000000000e+02
-1.040000000000000000e+02
-1.350000000000000000e+02
-2.540000000000000000e+02
-3.030000000000000000e+02
-2.920000000000000000e+02
-1.010000000000000000e+02
-8.100000000000000000e+01
-1.210000000000000000e+02
-2.340000000000000000e+02
-6.000000000000000000e+01
-9.100000000000000000e+01
-5.700000000000000000e+01
-1.800000000000000000e+02
-6.900000000000000000e+01
-8.900000000000000000e+01
-5.400000000000000000e+01
-9.100000000000000000e+01
-1.570000000000000000e+02
-7.500000000000000000e+01
-5.300000000000000000e+01
-6.400000000000000000e+01
-2.690000000000000000e+02
-6.600000000000000000e+01
-3.600000000000000000e+01
-5.200000000000000000e+01
-4.200000000000000000e+01
-1.300000000000000000e+02
-5.900000000000000000e+01
-6.800000000000000000e+01
-1.440000000000000000e+02
-6.600000000000000000e+01
-4.700000000000000000e+01
-3.800000000000000000e+01
-6.000000000000000000e+01
-5.900000000000000000e+01
-3.800000000000000000e+01
-4.700000000000000000e+01
-5.300000000000000000e+01
-5.800000000000000000e+01
-2.900000000000000000e+01
-6.300000000000000000e+01
-4.900000000000000000e+01
-4.500000000000000000e+01
-1.770000000000000000e+02
-4.400000000000000000e+01
-2.900000000000000000e+01
-3.900000000000000000e+01
-5.800000000000000000e+01
-4.200000000000000000e+01
-6.700000000000000000e+01
-5.700000000000000000e+01
-3.300000000000000000e+01
-3.800000000000000000e+01
-2.700000000000000000e+01
-6.200000000000000000e+01
-5.300000000000000000e+01
-4.300000000000000000e+01
-2.700000000000000000e+01
-5.900000000000000000e+01
-3.500000000000000000e+01
-1.770000000000000000e+02
-1.680000000000000000e+02
-3.800000000000000000e+01
-4.400000000000000000e+01
-6.100000000000000000e+01
-5.300000000000000000e+01
-5.100000000000000000e+01
-3.600000000000000000e+01
-4.500000000000000000e+01
-7.000000000000000000e+01
-3.800000000000000000e+01
-3.200000000000000000e+01
-4.300000000000000000e+01
-3.100000000000000000e+01
-1.480000000000000000e+02
-1.430000000000000000e+02
-3.300000000000000000e+01
-3.300000000000000000e+01
-4.000000000000000000e+01
-5.000000000000000000e+01
-3.500000000000000000e+01
-3.300000000000000000e+01
-2.700000000000000000e+01
-4.400000000000000000e+01
-4.000000000000000000e+01
-1.440000000000000000e+02
-4.200000000000000000e+01
-3.000000000000000000e+01
-3.200000000000000000e+01
-2.500000000000000000e+01
-3.700000000000000000e+01
-3.900000000000000000e+01
-3.400000000000000000e+01
-3.800000000000000000e+01
-2.800000000000000000e+01
-4.500000000000000000e+01
-2.810000000000000000e+02
-3.000000000000000000e+01
-3.300000000000000000e+01
-1.760000000000000000e+02
-4.500000000000000000e+01
-2.900000000000000000e+01
-4.100000000000000000e+01
-2.800000000000000000e+01
-4.400000000000000000e+01
-1.470000000000000000e+02
-1.900000000000000000e+01
-3.700000000000000000e+01
-2.600000000000000000e+01
-4.100000000000000000e+01
-1.500000000000000000e+01
-3.500000000000000000e+01
-2.000000000000000000e+01
-2.400000000000000000e+01
-3.200000000000000000e+01
-2.600000000000000000e+01
-1.480000000000000000e+02
-1.320000000000000000e+02
-2.400000000000000000e+01
-3.500000000000000000e+01
-1.190000000000000000e+02
-4.500000000000000000e+01
-2.800000000000000000e+01
-2.100000000000000000e+01
-1.800000000000000000e+01
-4.600000000000000000e+01
-2.800000000000000000e+01
-2.200000000000000000e+01
-2.700000000000000000e+01
-3.200000000000000000e+01
-2.400000000000000000e+01
-2.000000000000000000e+01
-2.400000000000000000e+01
-2.500000000000000000e+01
-3.500000000000000000e+01
-2.300000000000000000e+01
-3.700000000000000000e+01
-3.000000000000000000e+01
-2.200000000000000000e+01
-1.360000000000000000e+02
-3.000000000000000000e+01
-3.410000000000000000e+02
-3.800000000000000000e+01
-1.700000000000000000e+01
-3.800000000000000000e+01
-2.500000000000000000e+01
-2.000000000000000000e+01
-2.900000000000000000e+01
-1.350000000000000000e+02
-2.000000000000000000e+01
-2.500000000000000000e+01
-2.000000000000000000e+01
-1.320000000000000000e+02
-1.900000000000000000e+01
-2.800000000000000000e+01
-2.200000000000000000e+01
-2.300000000000000000e+01
-2.500000000000000000e+01
-2.400000000000000000e+01
-2.700000000000000000e+01
-2.200000000000000000e+01
-1.800000000000000000e+01
-2.900000000000000000e+01
-2.500000000000000000e+01
-2.400000000000000000e+01
-1.800000000000000000e+01
-2.300000000000000000e+01
-2.200000000000000000e+01
-2.100000000000000000e+01
-3.100000000000000000e+01
-2.600000000000000000e+01
-3.000000000000000000e+01
-1.900000000000000000e+01
-2.480000000000000000e+02
-2.200000000000000000e+01
-2.200000000000000000e+01
-1.510000000000000000e+02
-2.200000000000000000e+01
-1.900000000000000000e+01
-1.600000000000000000e+01
-1.900000000000000000e+01
-3.500000000000000000e+01
-1.800000000000000000e+01
-2.300000000000000000e+01
-2.200000000000000000e+01
-1.500000000000000000e+01
-2.100000000000000000e+01
-1.700000000000000000e+01
-2.100000000000000000e+01
-1.170000000000000000e+02
-1.900000000000000000e+01
-2.200000000000000000e+01
-1.900000000000000000e+01
-2.500000000000000000e+01
-1.800000000000000000e+01
-2.100000000000000000e+01
-1.320000000000000000e+02
-2.300000000000000000e+01
-1.700000000000000000e+01
-1.700000000000000000e+01
-1.900000000000000000e+01
-1.700000000000000000e+01
-2.100000000000000000e+01
-1.900000000000000000e+01
-1.200000000000000000e+02
-2.200000000000000000e+01
-2.500000000000000000e+01
-1.500000000000000000e+01
-1.700000000000000000e+01
-1.180000000000000000e+02
-1.600000000000000000e+01
-3.400000000000000000e+01
-1.210000000000000000e+02
-2.200000000000000000e+01
-2.800000000000000000e+01
-1.700000000000000000e+01
-3.700000000000000000e+01
-2.000000000000000000e+01
-2.400000000000000000e+01
-3.900000000000000000e+01
-2.000000000000000000e+01
-2.100000000000000000e+01
-2.100000000000000000e+01
-1.800000000000000000e+01
-2.400000000000000000e+01
-2.800000000000000000e+01
-2.500000000000000000e+01
-1.600000000000000000e+01
-1.700000000000000000e+01
-1.700000000000000000e+01
-2.900000000000000000e+01
-1.240000000000000000e+02
-2.800000000000000000e+01
-2.000000000000000000e+01
-1.500000000000000000e+01
-2.300000000000000000e+01
-2.500000000000000000e+01
-1.700000000000000000e+01
-1.900000000000000000e+01
-2.400000000000000000e+01
-2.200000000000000000e+01
-1.500000000000000000e+01
-1.600000000000000000e+01
-1.500000000000000000e+01
-1.700000000000000000e+01
-2.200000000000000000e+01
-1.900000000000000000e+01
-1.500000000000000000e+01
-1.700000000000000000e+01
-2.500000000000000000e+01
-2.400000000000000000e+01
-2.000000000000000000e+01
-2.100000000000000000e+01
-2.200000000000000000e+01
-1.800000000000000000e+01
-2.400000000000000000e+01
-2.100000000000000000e+01
-2.300000000000000000e+01
-2.400000000000000000e+01
-1.900000000000000000e+01
-2.000000000000000000e+01
-2.100000000000000000e+01
-2.800000000000000000e+01
-1.700000000000000000e+01
-2.200000000000000000e+01
-1.260000000000000000e+02
-1.500000000000000000e+01
-1.700000000000000000e+01
-1.500000000000000000e+01
-2.000000000000000000e+01
-2.100000000000000000e+01
-1.800000000000000000e+01
-1.500000000000000000e+01
-2.100000000000000000e+01
-2.200000000000000000e+01
-2.400000000000000000e+01
-2.100000000000000000e+01
-1.500000000000000000e+01
-1.800000000000000000e+01
-2.300000000000000000e+01
-1.800000000000000000e+01
-1.200000000000000000e+02
-1.500000000000000000e+01
-2.100000000000000000e+01
-2.400000000000000000e+01
-1.700000000000000000e+01
-1.900000000000000000e+01
-1.500000000000000000e+01
-1.700000000000000000e+01
-2.000000000000000000e+01
-1.600000000000000000e+01
-1.500000000000000000e+01
-2.500000000000000000e+01
-1.500000000000000000e+01
-1.380000000000000000e+02
-2.100000000000000000e+01
-2.100000000000000000e+01
-2.100000000000000000e+01
-1.800000000000000000e+01
-1.800000000000000000e+01
-2.100000000000000000e+01
-2.100000000000000000e+01
-1.700000000000000000e+01
-1.700000000000000000e+01
-1.500000000000000000e+01
-1.500000000000000000e+01
-2.300000000000000000e+01
-1.600000000000000000e+01
-1.900000000000000000e+01
-1.500000000000000000e+01
-1.500000000000000000e+01
-1.900000000000000000e+01
-1.700000000000000000e+01
-1.500000000000000000e+01
-1.500000000000000000e+01
-2.200000000000000000e+01
-1.700000000000000000e+01
-2.100000000000000000e+01
-2.100000000000000000e+01
-1.700000000000000000e+01
-2.000000000000000000e+01
-1.150000000000000000e+02
-1.700000000000000000e+01
-1.700000000000000000e+01
-1.900000000000000000e+01
-1.700000000000000000e+01
-1.500000000000000000e+01
-1.600000000000000000e+01
-1.700000000000000000e+01
-1.500000000000000000e+01
-1.900000000000000000e+01
-1.500000000000000000e+01
-2.400000000000000000e+01
-2.100000000000000000e+01
-1.900000000000000000e+01
-1.500000000000000000e+01
-1.150000000000000000e+02
-1.500000000000000000e+01
-1.500000000000000000e+01
-2.000000000000000000e+01
-1.700000000000000000e+01
-3.270000000000000000e+02
-2.000000000000000000e+01
-1.500000000000000000e+01
-1.700000000000000000e+01
-1.900000000000000000e+01
-1.700000000000000000e+01
-1.600000000000000000e+01
-2.500000000000000000e+01
-1.500000000000000000e+01
-1.700000000000000000e+01
-2.100000000000000000e+01
-1.900000000000000000e+01
-1.900000000000000000e+01
-1.500000000000000000e+01
-2.000000000000000000e+01
-1.900000000000000000e+01
-1.700000000000000000e+01
-1.500000000000000000e+01
-1.900000000000000000e+01
-1.900000000000000000e+01
-1.800000000000000000e+01
-1.500000000000000000e+01
-1.700000000000000000e+01
-1.170000000000000000e+02
-1.700000000000000000e+01
-1.700000000000000000e+01
-1.700000000000000000e+01
-1.500000000000000000e+01
-1.500000000000000000e+01
-1.900000000000000000e+01
-1.500000000000000000e+01
-2.100000000000000000e+01
-1.500000000000000000e+01
-1.900000000000000000e+01
-1.500000000000000000e+01
-1.700000000000000000e+01
-1.250000000000000000e+02
-1.500000000000000000e+01
-1.500000000000000000e+01
-1.700000000000000000e+01
-1.900000000000000000e+01
-1.700000000000000000e+01
-1.800000000000000000e+01
-1.900000000000000000e+01
-1.700000000000000000e+01
-1.500000000000000000e+01
-1.500000000000000000e+01
-1.500000000000000000e+01
-1.500000000000000000e+01
-1.500000000000000000e+01
-1.500000000000000000e+01
-1.500000000000000000e+01
-2.300000000000000000e+01
-1.600000000000000000e+01
-1.500000000000000000e+01
-1.500000000000000000e+01
-2.200000000000000000e+01
-1.800000000000000000e+01
-1.500000000000000000e+01
-1.800000000000000000e+01
-1.500000000000000000e+01
-1.500000000000000000e+01
-1.500000000000000000e+01
-1.700000000000000000e+01
-1.500000000000000000e+01
-1.700000000000000000e+01
-1.500000000000000000e+01
-2.000000000000000000e+01
-1.500000000000000000e+01
-1.700000000000000000e+01
-1.700000000000000000e+01
-1.700000000000000000e+01
-2.100000000000000000e+01
-2.100000000000000000e+01
-1.500000000000000000e+01
-1.500000000000000000e+01
-1.500000000000000000e+01
-1.500000000000000000e+01
-1.500000000000000000e+01
-1.700000000000000000e+01
-1.700000000000000000e+01
-1.800000000000000000e+01
-1.700000000000000000e+01
-2.270000000000000000e+02
-1.600000000000000000e+01
-1.600000000000000000e+01
-1.700000000000000000e+01
-1.500000000000000000e+01
-2.100000000000000000e+01
-1.500000000000000000e+01
-1.900000000000000000e+01
-1.500000000000000000e+01
-1.700000000000000000e+01
-1.500000000000000000e+01
-2.400000000000000000e+01
-1.500000000000000000e+01
-1.500000000000000000e+01
-1.800000000000000000e+01
-1.900000000000000000e+01
-1.500000000000000000e+01
-1.500000000000000000e+01
-1.800000000000000000e+01
-1.500000000000000000e+01
-2.300000000000000000e+01
-1.900000000000000000e+01
-1.500000000000000000e+01
-1.210000000000000000e+02
-1.700000000000000000e+01
-2.000000000000000000e+01
-1.700000000000000000e+01
-1.500000000000000000e+01
-1.700000000000000000e+01
-1.700000000000000000e+01
-1.500000000000000000e+01
-2.000000000000000000e+01
-1.700000000000000000e+01
-1.500000000000000000e+01
-1.900000000000000000e+01
-1.500000000000000000e+01
-1.500000000000000000e+01
-1.500000000000000000e+01
-1.500000000000000000e+01
-1.500000000000000000e+01
-1.900000000000000000e+01
-1.800000000000000000e+01
-1.500000000000000000e+01
-1.700000000000000000e+01
-2.100000000000000000e+01
-1.500000000000000000e+01
-1.200000000000000000e+02
-1.900000000000000000e+01
-1.500000000000000000e+01
-1.500000000000000000e+01
-2.700000000000000000e+01
-1.700000000000000000e+01
-1.500000000000000000e+01
-1.900000000000000000e+01
-1.700000000000000000e+01
-1.700000000000000000e+01
-2.100000000000000000e+01
-1.500000000000000000e+01
-1.900000000000000000e+01
