-1.480429510967798251e+03
-1.388594098808987837e+03
-1.267053137910287205e+03
-1.604756632614390355e+03
-1.556330953012146892e+03
-1.579500327801527646e+03
-1.538852329805289855e+03
-1.588439807852897957e+03
-1.466464569675867097e+03
-1.599270645821985681e+03
-1.321686968536242148e+03
-1.532970077556113893e+03
-1.562716765902580391e+03
-1.474612514463112802e+03
-1.516228033670007108e+03
-1.566102919953993705e+03
-1.532061127843716577e+03
-1.401145016104258275e+03
-1.464201868947836829e+03
-1.465142586611152865e+03
-1.586676137942922878e+03
-1.383341642153674229e+03
-1.170211396739045085e+03
-1.528593395919047907e+03
-1.318660920484367352e+03
-1.183723205391152987e+03
-1.271570721420259588e+03
-1.310371569315477700e+03
-1.134376961708695944e+03
-1.181150928646613693e+03
-1.005578149996376169e+03
-1.229166793749636781e+03
-1.030994195409446320e+03
-8.984199411302497538e+02
-9.080044198717941981e+02
-9.154314227888734194e+02
-9.254537967465663542e+02
-1.093706109765015754e+03
-9.244719508674237431e+02
-9.368675919314571274e+02
-7.772428714397019576e+02
-1.072685926566462285e+03
-9.402823299953295191e+02
-1.028926947073541669e+03
-8.975621947859179954e+02
-1.252663213546690258e+03
-7.598844340497573739e+02
-8.958765957124605848e+02
-6.917023956274695138e+02
-8.345836179672386379e+02
-5.540011762385071279e+02
-6.538316520086705168e+02
-7.903972451143421267e+02
-3.929315169237589771e+02
-7.801649379800702491e+02
-5.284351979853014427e+02
-8.765566467666313883e+02
-3.810952763447903635e+02
-5.080647660643558652e+02
-3.692817818052801613e+02
-9.010530010152920113e+02
-6.524563403177301097e+02
-1.384092052689652292e+03
-5.142655312460630057e+02
-6.554831173672704381e+02
-1.061091927970362349e+03
-2.661576265726317274e+02
-6.855711709237391460e+02
-9.160943490865274725e+02
-2.576260782200761241e+02
-1.246200791699099710e+02
-6.481888660598303886e+02
-2.547433926027724453e+02
-5.045182098719744204e+02
-5.177573533317279271e+02
-2.758533192293002685e+02
-4.729604809458818409e+02
-1.243846656435268017e+02
-3.628536157026669002e+02
-3.729323641824513516e+02
-6.619892296055210181e+02
-8.694588023323625015e-01
-2.588571968530206959e+02
-3.616495006608552103e+02
-1.295700827294743931e+02
-2.473831399309824519e+02
-2.555063376140489311e+02
-1.210871856304632530e+02
-3.872505943149914174e+02
-2.550670232225040479e+02
-3.827066197941380779e+02
-1.294382442962142079e+02
-2.477807315951501437e+02
-5.099347448521311321e+02
-3.350060612556420736e+00
-2.475578186856128013e+02
-1.246369264820781382e+02
-1.258249241664009475e+02
-1.314715115772869467e+02
-3.714293183720392904e+02
