9.000000000000000000e+00
8.000000000000000000e+00
1.000000000000000000e+01
1.000000000000000000e+01
1.000000000000000000e+01
1.000000000000000000e+01
9.000000000000000000e+00
1.100000000000000000e+01
1.000000000000000000e+01
1.200000000000000000e+01
9.000000000000000000e+00
8.000000000000000000e+00
9.000000000000000000e+00
1.000000000000000000e+01
1.000000000000000000e+01
1.200000000000000000e+01
1.000000000000000000e+01
9.000000000000000000e+00
9.000000000000000000e+00
9.000000000000000000e+00
1.200000000000000000e+01
9.000000000000000000e+00
1.200000000000000000e+01
1.200000000000000000e+01
