-1.250000000000000000e+02
-2.429000000000000000e+03
-3.620000000000000000e+02
-4.280000000000000000e+02
-4.650000000000000000e+02
-3.110000000000000000e+02
-7.200000000000000000e+01
-2.820000000000000000e+02
-1.110000000000000000e+02
-8.000000000000000000e+01
-2.420000000000000000e+02
-9.900000000000000000e+01
-4.810000000000000000e+02
-1.200000000000000000e+02
-1.920000000000000000e+02
-2.190000000000000000e+02
-1.050000000000000000e+02
-9.800000000000000000e+01
-3.910000000000000000e+02
-8.600000000000000000e+01
-1.290000000000000000e+02
-3.500000000000000000e+01
-5.800000000000000000e+01
-5.850000000000000000e+02
-4.640000000000000000e+02
-1.690000000000000000e+02
-8.400000000000000000e+01
-2.910000000000000000e+02
-7.300000000000000000e+01
-7.500000000000000000e+01
-6.500000000000000000e+01
-2.410000000000000000e+02
-4.800000000000000000e+01
-6.000000000000000000e+01
-1.710000000000000000e+02
-6.400000000000000000e+01
-6.000000000000000000e+01
-5.800000000000000000e+01
-9.100000000000000000e+01
-2.990000000000000000e+02
-2.200000000000000000e+01
-8.800000000000000000e+01
-2.040000000000000000e+02
-1.410000000000000000e+02
-7.500000000000000000e+01
-6.400000000000000000e+01
-5.100000000000000000e+01
-2.760000000000000000e+02
-3.640000000000000000e+02
-7.400000000000000000e+01
-5.500000000000000000e+01
-6.800000000000000000e+01
-2.000000000000000000e+01
-4.400000000000000000e+01
-5.400000000000000000e+01
-5.100000000000000000e+01
-2.360000000000000000e+02
-8.500000000000000000e+01
-3.600000000000000000e+01
-4.600000000000000000e+01
-3.200000000000000000e+01
-3.270000000000000000e+02
-1.320000000000000000e+02
-3.800000000000000000e+01
-1.950000000000000000e+02
-3.700000000000000000e+01
-2.900000000000000000e+01
-4.700000000000000000e+01
-4.500000000000000000e+01
-5.000000000000000000e+01
-6.100000000000000000e+01
-4.200000000000000000e+01
-4.400000000000000000e+01
-5.100000000000000000e+01
-2.600000000000000000e+01
-4.000000000000000000e+01
-3.000000000000000000e+01
-6.300000000000000000e+01
-2.700000000000000000e+01
-2.500000000000000000e+01
-8.500000000000000000e+01
-2.500000000000000000e+01
-1.340000000000000000e+02
-3.300000000000000000e+01
-2.500000000000000000e+01
-6.200000000000000000e+01
-3.200000000000000000e+01
-2.800000000000000000e+01
-6.400000000000000000e+01
-4.400000000000000000e+01
-2.100000000000000000e+01
-5.300000000000000000e+01
-4.300000000000000000e+01
-2.300000000000000000e+01
-3.200000000000000000e+01
-2.100000000000000000e+01
-3.300000000000000000e+01
-1.320000000000000000e+02
-4.600000000000000000e+01
-2.690000000000000000e+02
-3.400000000000000000e+01
-3.200000000000000000e+01
-6.000000000000000000e+01
-2.600000000000000000e+01
-3.300000000000000000e+01
-2.200000000000000000e+01
-2.700000000000000000e+01
-1.490000000000000000e+02
-3.400000000000000000e+01
-3.490000000000000000e+02
-1.380000000000000000e+02
-3.400000000000000000e+01
-4.100000000000000000e+01
-4.800000000000000000e+01
-2.800000000000000000e+01
-1.500000000000000000e+01
-3.300000000000000000e+01
-2.560000000000000000e+02
-3.000000000000000000e+01
-3.700000000000000000e+01
-2.670000000000000000e+02
-4.300000000000000000e+01
-2.900000000000000000e+01
-2.500000000000000000e+01
-2.540000000000000000e+02
-2.300000000000000000e+01
-2.200000000000000000e+01
-2.300000000000000000e+01
-3.400000000000000000e+01
-1.360000000000000000e+02
-3.000000000000000000e+01
-1.470000000000000000e+02
-2.800000000000000000e+01
-3.900000000000000000e+01
-2.000000000000000000e+01
-1.520000000000000000e+02
-2.900000000000000000e+01
-2.000000000000000000e+01
-1.370000000000000000e+02
-3.500000000000000000e+01
-2.500000000000000000e+01
-2.800000000000000000e+01
-5.000000000000000000e+01
-3.500000000000000000e+01
-1.700000000000000000e+01
-1.900000000000000000e+01
-1.800000000000000000e+01
-4.300000000000000000e+01
-1.800000000000000000e+01
-1.300000000000000000e+01
-3.000000000000000000e+01
-2.700000000000000000e+01
-2.190000000000000000e+02
-2.500000000000000000e+01
-3.600000000000000000e+01
-2.800000000000000000e+01
-2.200000000000000000e+01
-2.700000000000000000e+01
-2.000000000000000000e+01
-2.400000000000000000e+01
-2.900000000000000000e+01
-2.600000000000000000e+01
-2.900000000000000000e+01
-2.200000000000000000e+01
-2.600000000000000000e+01
-2.300000000000000000e+01
-1.600000000000000000e+01
-3.000000000000000000e+01
-1.900000000000000000e+01
-2.900000000000000000e+01
-2.000000000000000000e+01
-1.520000000000000000e+02
-1.900000000000000000e+01
-2.600000000000000000e+01
-3.000000000000000000e+01
-2.000000000000000000e+01
-3.100000000000000000e+01
-1.250000000000000000e+02
-2.400000000000000000e+01
-1.600000000000000000e+01
-2.500000000000000000e+01
-1.500000000000000000e+01
-2.100000000000000000e+01
-3.400000000000000000e+01
-1.800000000000000000e+01
-2.600000000000000000e+01
-2.600000000000000000e+01
-1.400000000000000000e+02
-2.000000000000000000e+01
-1.900000000000000000e+01
-3.400000000000000000e+01
-2.200000000000000000e+01
-1.400000000000000000e+02
-1.900000000000000000e+01
-1.350000000000000000e+02
-1.900000000000000000e+01
-2.000000000000000000e+01
-1.270000000000000000e+02
-2.200000000000000000e+01
-3.400000000000000000e+01
-1.700000000000000000e+01
-1.500000000000000000e+01
-1.500000000000000000e+01
-2.000000000000000000e+01
-1.700000000000000000e+01
-3.200000000000000000e+01
-2.280000000000000000e+02
-1.800000000000000000e+01
-1.300000000000000000e+01
-2.200000000000000000e+01
-1.800000000000000000e+01
-2.000000000000000000e+01
-1.900000000000000000e+01
-1.400000000000000000e+01
-2.000000000000000000e+01
-1.600000000000000000e+01
-1.400000000000000000e+01
-2.100000000000000000e+01
-3.100000000000000000e+01
-1.360000000000000000e+02
-2.100000000000000000e+01
-1.260000000000000000e+02
-1.500000000000000000e+01
-3.600000000000000000e+01
-2.600000000000000000e+01
-1.900000000000000000e+01
-1.230000000000000000e+02
-1.800000000000000000e+01
-2.100000000000000000e+01
-1.400000000000000000e+01
-1.300000000000000000e+01
-2.300000000000000000e+01
-2.200000000000000000e+01
-1.500000000000000000e+01
-1.800000000000000000e+01
-1.300000000000000000e+01
-2.700000000000000000e+01
-1.800000000000000000e+01
-1.700000000000000000e+01
-1.300000000000000000e+01
-2.200000000000000000e+01
-1.220000000000000000e+02
-1.300000000000000000e+01
-1.900000000000000000e+01
-3.000000000000000000e+01
-1.400000000000000000e+01
-1.300000000000000000e+01
-1.600000000000000000e+01
-2.500000000000000000e+01
-2.320000000000000000e+02
-3.450000000000000000e+02
-1.300000000000000000e+01
-1.700000000000000000e+01
-2.400000000000000000e+02
-1.500000000000000000e+01
-1.400000000000000000e+01
-1.260000000000000000e+02
-1.300000000000000000e+01
-1.900000000000000000e+01
-1.300000000000000000e+01
-1.250000000000000000e+02
-1.300000000000000000e+01
-2.600000000000000000e+01
-1.500000000000000000e+01
-1.800000000000000000e+01
-1.700000000000000000e+01
-3.000000000000000000e+01
-1.300000000000000000e+01
-2.500000000000000000e+01
-1.400000000000000000e+01
-1.260000000000000000e+02
-2.100000000000000000e+01
-1.800000000000000000e+01
-1.500000000000000000e+01
-1.300000000000000000e+01
-1.180000000000000000e+02
-1.700000000000000000e+01
-1.300000000000000000e+01
-1.300000000000000000e+01
-2.300000000000000000e+01
-2.320000000000000000e+02
-1.300000000000000000e+01
-1.500000000000000000e+01
-1.700000000000000000e+01
-1.600000000000000000e+01
-1.300000000000000000e+01
-1.500000000000000000e+01
-1.500000000000000000e+01
-1.900000000000000000e+01
-1.500000000000000000e+01
-1.500000000000000000e+01
-1.300000000000000000e+01
-2.390000000000000000e+02
-1.290000000000000000e+02
-1.360000000000000000e+02
-1.700000000000000000e+01
-1.800000000000000000e+01
-1.300000000000000000e+01
-1.500000000000000000e+01
-1.300000000000000000e+01
-1.300000000000000000e+01
-1.700000000000000000e+01
-1.260000000000000000e+02
-1.300000000000000000e+01
-1.300000000000000000e+01
-1.300000000000000000e+01
-1.500000000000000000e+01
-1.500000000000000000e+01
-1.300000000000000000e+01
-1.250000000000000000e+02
-1.400000000000000000e+01
-1.500000000000000000e+01
-3.370000000000000000e+02
-1.300000000000000000e+01
-1.300000000000000000e+01
-1.200000000000000000e+02
-1.300000000000000000e+01
-1.900000000000000000e+01
-1.130000000000000000e+02
-1.190000000000000000e+02
-1.230000000000000000e+02
-2.000000000000000000e+01
-1.500000000000000000e+01
-1.700000000000000000e+01
-1.900000000000000000e+01
-1.300000000000000000e+01
-1.300000000000000000e+01
-1.400000000000000000e+02
-1.500000000000000000e+01
-2.290000000000000000e+02
-1.500000000000000000e+01
-1.300000000000000000e+01
-1.220000000000000000e+02
-1.300000000000000000e+01
-1.230000000000000000e+02
-1.300000000000000000e+01
-1.500000000000000000e+01
-1.300000000000000000e+01
-1.300000000000000000e+01
-1.210000000000000000e+02
-1.190000000000000000e+02
-1.300000000000000000e+01
-1.300000000000000000e+01
-1.300000000000000000e+01
-1.400000000000000000e+01
-1.500000000000000000e+01
-1.260000000000000000e+02
-1.300000000000000000e+01
-1.300000000000000000e+01
-1.260000000000000000e+02
-1.600000000000000000e+01
-1.300000000000000000e+01
-2.000000000000000000e+01
-1.300000000000000000e+01
-1.300000000000000000e+01
-1.300000000000000000e+01
-1.300000000000000000e+01
-1.300000000000000000e+01
-1.500000000000000000e+01
-1.500000000000000000e+01
-1.500000000000000000e+01
-1.500000000000000000e+01
-1.290000000000000000e+02
-1.400000000000000000e+01
-1.700000000000000000e+01
-1.300000000000000000e+01
-2.270000000000000000e+02
-1.300000000000000000e+01
-1.240000000000000000e+02
-1.300000000000000000e+01
-1.170000000000000000e+02
-2.600000000000000000e+01
-1.500000000000000000e+01
-1.150000000000000000e+02
-1.600000000000000000e+01
-1.500000000000000000e+01
-1.300000000000000000e+01
-1.300000000000000000e+01
-2.100000000000000000e+01
-1.240000000000000000e+02
-1.300000000000000000e+01
-1.300000000000000000e+01
-1.300000000000000000e+01
-1.700000000000000000e+01
-1.500000000000000000e+01
-1.180000000000000000e+02
-2.270000000000000000e+02
-1.300000000000000000e+01
-1.300000000000000000e+01
-1.500000000000000000e+01
-1.300000000000000000e+01
-1.300000000000000000e+01
-1.300000000000000000e+01
-1.130000000000000000e+02
-1.300000000000000000e+01
-1.220000000000000000e+02
-1.300000000000000000e+01
-1.400000000000000000e+01
-1.300000000000000000e+01
-1.500000000000000000e+01
-1.500000000000000000e+01
-1.300000000000000000e+01
-1.320000000000000000e+02
-1.300000000000000000e+01
-1.300000000000000000e+01
-1.700000000000000000e+01
-1.290000000000000000e+02
-2.100000000000000000e+01
-1.500000000000000000e+01
-1.700000000000000000e+01
-1.500000000000000000e+01
-1.500000000000000000e+01
-1.300000000000000000e+01
-1.300000000000000000e+01
-1.700000000000000000e+01
-1.500000000000000000e+01
-1.300000000000000000e+01
-1.500000000000000000e+01
-1.270000000000000000e+02
-1.300000000000000000e+01
-1.150000000000000000e+02
-1.300000000000000000e+01
-1.260000000000000000e+02
-1.500000000000000000e+01
-1.300000000000000000e+01
-1.300000000000000000e+01
-1.500000000000000000e+01
-1.300000000000000000e+01
-1.160000000000000000e+02
-1.210000000000000000e+02
-1.170000000000000000e+02
-1.300000000000000000e+01
-1.700000000000000000e+01
-1.700000000000000000e+01
-1.300000000000000000e+01
-1.300000000000000000e+01
-1.190000000000000000e+02
-1.300000000000000000e+01
-1.250000000000000000e+02
-2.260000000000000000e+02
-1.600000000000000000e+01
-2.500000000000000000e+01
-1.700000000000000000e+01
-1.190000000000000000e+02
-1.150000000000000000e+02
-1.300000000000000000e+01
-1.500000000000000000e+01
-1.300000000000000000e+01
-2.100000000000000000e+01
-2.200000000000000000e+01
-1.300000000000000000e+01
-1.300000000000000000e+01
-1.300000000000000000e+01
-2.210000000000000000e+02
-1.300000000000000000e+01
-1.150000000000000000e+02
-1.700000000000000000e+01
-1.500000000000000000e+01
-1.220000000000000000e+02
-1.500000000000000000e+01
-1.700000000000000000e+01
-1.240000000000000000e+02
-1.220000000000000000e+02
-1.500000000000000000e+01
-1.500000000000000000e+01
-1.300000000000000000e+01
-1.300000000000000000e+01
-1.300000000000000000e+01
-1.600000000000000000e+01
-1.500000000000000000e+01
-1.400000000000000000e+01
-1.600000000000000000e+01
-1.300000000000000000e+01
-1.200000000000000000e+02
-1.300000000000000000e+01
-1.300000000000000000e+01
-1.500000000000000000e+01
-1.500000000000000000e+01
-1.700000000000000000e+01
-3.000000000000000000e+01
-1.300000000000000000e+01
-1.500000000000000000e+01
-1.500000000000000000e+01
-1.300000000000000000e+01
-1.500000000000000000e+01
-1.500000000000000000e+01
-1.300000000000000000e+01
-1.300000000000000000e+01
-1.400000000000000000e+01
-1.500000000000000000e+01
-1.500000000000000000e+01
-1.170000000000000000e+02
-1.300000000000000000e+01
-1.220000000000000000e+02
-1.300000000000000000e+01
-1.300000000000000000e+01
-1.210000000000000000e+02
-1.500000000000000000e+01
-1.290000000000000000e+02
-2.100000000000000000e+01
