-1.273805068478498924e+03
-1.262122561338796231e+03
-9.939227780149362843e+02
-1.499286081478616097e+03
-1.324783810255599747e+03
-1.408855932160636485e+03
-1.168515672484715651e+03
-1.338712550378835431e+03
-1.172545330713419389e+03
-1.171628825999375749e+03
-1.189681720170373637e+03
-1.123990836435859819e+03
-1.634804864925511311e+03
-1.074879410498167772e+03
-9.087597730498366673e+02
-1.683257727150254141e+03
-1.088393698491712485e+03
-1.335323782355723779e+03
-8.851465937650034448e+02
-1.180715701653828319e+03
-1.487579233563961452e+03
-1.113020625592716669e+03
-9.068917828029805150e+02
-1.596353875047743713e+03
-9.257183280341719183e+02
-1.228450322028224718e+03
-1.137945384050792882e+03
-1.068996445703578502e+03
-1.054007344303946184e+03
-1.267529061320720302e+03
-1.250684734482266776e+03
-1.091044438567061889e+03
-1.188518381371277883e+03
-1.218419235537421855e+03
-1.119161487850918547e+03
-1.145332543340828579e+03
-1.037673386901801223e+03
-1.211243476476704018e+03
-1.111215156738315272e+03
-1.113186110237506682e+03
-1.312090496941877063e+03
-1.384740539686125658e+03
-1.207185289362938647e+03
-1.268018728196653456e+03
-1.187660263927892856e+03
-1.397819871376837000e+03
-1.181043132142540799e+03
-1.505696746751315459e+03
-1.058572423799592116e+03
-1.331584033273908290e+03
-1.242517212613217680e+03
-1.214694976700576717e+03
-1.216851308823616819e+03
-1.229167344212481339e+03
-1.384846071774261645e+03
-1.300120929122776715e+03
-1.246044217453114470e+03
-1.262798180795013195e+03
-1.329232780800901310e+03
-1.453190061021587326e+03
-1.269365095595620460e+03
-1.244902383967258629e+03
-1.542239881637972985e+03
-1.442796068574009041e+03
-1.418108646423107075e+03
-1.333337065880693672e+03
-1.494528372567044016e+03
-1.372994039167746678e+03
-1.343239515718567418e+03
-1.434622818732339283e+03
-1.301979366376833696e+03
-1.307585420353133486e+03
-1.326259808658064003e+03
-1.525042709790178833e+03
-1.376066489153978182e+03
-1.362069602159710939e+03
-1.402150810172227466e+03
-1.491327930405839879e+03
-1.614677489527997977e+03
-1.407700227924236515e+03
-1.444152869236262859e+03
-1.487555817387142952e+03
-1.438017819145974727e+03
-1.441569374528365415e+03
-1.512105594008784237e+03
-1.472438897089381726e+03
-1.472400501977545673e+03
-1.445624278489677636e+03
-1.436636852088375235e+03
-1.464784243391639620e+03
-1.429194348135398741e+03
-1.491732543361661783e+03
-1.416518489735917228e+03
-1.477937035339703698e+03
-1.501321280348409573e+03
-1.445813579234867348e+03
-1.497966722497717001e+03
-1.509099895349764665e+03
-1.529889578368641878e+03
-1.515807438476226707e+03
-1.436777054278273454e+03
-1.486175347912387451e+03
-1.492612364388182186e+03
-1.502281550574275798e+03
-1.531363297868043446e+03
-1.550995291910497826e+03
-1.520154595307357795e+03
-1.571572099723853626e+03
-1.455383157567433500e+03
-1.565904103993031413e+03
-1.547354743812624292e+03
-1.451036984726034234e+03
-1.520608542476078355e+03
-1.506554182288250558e+03
-1.541362830859535279e+03
-1.526623597605899931e+03
-1.413071409111921866e+03
-1.479871084174798170e+03
-1.517784629859343113e+03
-1.440759921913927201e+03
-1.482170266997253975e+03
-1.486345154123352359e+03
-1.416995134087097085e+03
-1.413052708211691652e+03
-1.517185590519970219e+03
-1.494506503539061214e+03
-1.491875937838711252e+03
-1.453896829390273069e+03
-1.523284168400083672e+03
-1.514104722816302001e+03
-1.532798293120701828e+03
-1.511571330835592335e+03
-1.420598759137888010e+03
-1.512633716299680827e+03
-1.518418951424713669e+03
-1.493662229071032016e+03
-1.457257387850904706e+03
-1.495455752899935760e+03
-1.461037252228412854e+03
-1.463339110448524480e+03
-1.407169486907383316e+03
-1.491496756080284968e+03
-1.475408574675861246e+03
-1.584659220892820713e+03
-1.494164465720970838e+03
-1.470525582337895230e+03
-1.402424979565581907e+03
-1.580306940774359646e+03
-1.422146363129594647e+03
-1.508073855499594856e+03
-1.326308116249276509e+03
-1.383285608549739891e+03
-1.316519933477696668e+03
-1.472455955484689184e+03
-1.412276370608322168e+03
-1.449872344516677686e+03
-1.566367811722212991e+03
-1.319153842838539731e+03
-1.362159609744961472e+03
-1.391919213372776539e+03
-1.313947967571035861e+03
-1.237387079727423043e+03
-1.384503373825251856e+03
-1.344497520465821481e+03
-1.264839898904561778e+03
-1.258729891320990419e+03
-1.269051706034940025e+03
-1.245368406594613134e+03
-1.263255184062479202e+03
-1.266842820282719686e+03
-1.273817770779147622e+03
-1.236787074255223843e+03
-1.349778157485126485e+03
-1.345131114840915188e+03
-1.316922617690823927e+03
-1.206216634823557115e+03
-1.257339568418133922e+03
-1.209755758144943911e+03
-1.241645561113675967e+03
-1.148185284454402790e+03
-1.298719472646414715e+03
-1.225088994832502522e+03
-1.197403475027271725e+03
-1.218083339464777055e+03
-1.458285476300598475e+03
-1.327100908065730209e+03
-1.181131280672019329e+03
-1.187025216716133173e+03
-1.165631666026872608e+03
-1.188286212394400536e+03
-1.413060798789213322e+03
-1.783211524587608665e+03
-1.112819752563663542e+03
-1.161883023473975072e+03
-1.683852137865698751e+03
-1.188253327028923422e+03
-1.070825324740731048e+03
-1.173987943528589540e+03
-1.292889293590428224e+03
-1.373743517397701908e+03
-1.019237301169182729e+03
-1.148535934253324058e+03
-1.162854364288698207e+03
-1.087892770525373180e+03
-1.144013723362347719e+03
-1.187088011348881082e+03
-1.110933546024838506e+03
-1.053742692353934217e+03
-1.162356383557460276e+03
-1.087269768030530258e+03
-1.021954580443348277e+03
-1.070887810231165759e+03
-1.039138071547794880e+03
-1.040946906883342081e+03
-1.557762736425051344e+03
-9.943565467245590526e+02
-1.022041642990583568e+03
-9.820705959799707898e+02
-9.367282679120152125e+02
-1.532051547643353615e+03
-1.446573590120716972e+03
-1.034102980251141844e+03
-1.068399933515530392e+03
-1.066940779364506625e+03
-1.549040521497815689e+03
-9.447527085019705737e+02
-9.910382762301748016e+02
-8.664496410776242783e+02
-9.359851162019793946e+02
-1.166178926213113300e+03
-1.007083612172606422e+03
-1.543326341748107097e+03
-1.554924546835152341e+03
-8.990569472430489668e+02
-1.385401924161518764e+03
-1.278294234678096473e+03
-1.567373579584151912e+03
-8.852502715832595186e+02
-1.662038570335591885e+03
-1.169876941525983057e+03
-8.578381939971400243e+02
-1.430514214666168982e+03
-1.242479526346189232e+03
-8.738726151481824900e+02
-7.766578875413315473e+02
-8.693397042336140430e+02
-9.607220839812598570e+02
-1.341309050443206615e+03
-9.105080747102166470e+02
-1.579784284977206426e+03
-1.633043424011538718e+03
-1.689701282983264491e+03
-1.459548491053137468e+03
-1.659266190534579664e+03
-1.039271995800612785e+03
-1.292926508059802018e+03
-1.253661858387498796e+03
-1.621364782283830209e+03
-1.161186244554657151e+03
-1.500090271549211366e+03
-1.395353423888588850e+03
-9.263804178683230930e+02
-1.089829847964222836e+03
-1.112263067252254359e+03
-9.713400084472735898e+02
-8.896655495005485363e+02
-1.729064535093670202e+03
-1.668980845350821482e+03
-1.290867929498734611e+03
-1.064333204866480855e+03
-1.010515508016997615e+03
-1.647275211124466068e+03
-8.900389071342608531e+02
-1.180727454962403499e+03
-1.034487378195482052e+03
-1.179940595333270267e+03
-1.172175921035473721e+03
-1.539253992279098384e+03
-8.622231450769526191e+02
-1.561080965009506826e+03
-1.777062116345931599e+03
-1.361699864921453127e+03
-1.231608536016599146e+03
-1.461755714467901271e+03
-1.394291863018165031e+03
-1.002568523722358464e+03
-1.035297410979762617e+03
-1.798038476807799725e+03
