-1.443006355480967386e+03
-1.372237063118560854e+03
-1.378724346456659987e+03
-1.277978008331924912e+03
-1.523549097089707629e+03
-1.596042636018894882e+03
-1.812141364481208484e+03
-1.786954128025019145e+03
-1.539435901896858923e+03
-1.687938180706773892e+03
-1.475904756603544683e+03
-1.567048803720233764e+03
-1.600521363861739474e+03
-1.586537568853444554e+03
-1.558668936970341520e+03
-1.613449434684435118e+03
-1.555526197596006341e+03
-1.469500825739934953e+03
-1.504473902777374860e+03
-1.603903964049453180e+03
-1.572370773091872479e+03
-1.540648367312214077e+03
-1.393654325570757919e+03
-1.629969459093769501e+03
-1.522286088326249228e+03
-1.538682297653270552e+03
-1.588984026685678145e+03
-1.522408050512285399e+03
-1.465599585726501118e+03
-1.465692171307037370e+03
-1.365571170148499505e+03
-1.531188175412810097e+03
-1.385612771301584417e+03
-1.446375408975821756e+03
-1.522909336626109280e+03
-1.513517292666585263e+03
-1.487613806318038996e+03
-1.493913476011666944e+03
-1.505127931223345968e+03
-1.546322410209945701e+03
-1.394166845324447195e+03
-1.537955008331288127e+03
-1.519490998229370462e+03
-1.554426408822083886e+03
-1.480392086365542582e+03
-1.530887648063119059e+03
-1.290663558390761409e+03
-1.583134106916708333e+03
-1.173736451885853285e+03
-1.443784446200712864e+03
-1.382557914614894798e+03
-1.193361446251469715e+03
-1.379115100499169102e+03
-1.339684963469973809e+03
-1.291843131630494099e+03
-1.245314675492308197e+03
-1.340494924039026728e+03
-1.072978137950679638e+03
-9.629777565007329940e+02
-1.075417365473105747e+03
-1.190415272634661278e+03
-1.153772248816892898e+03
-1.478706384829507442e+03
-1.053468843295435590e+03
-1.066862233637224108e+03
-9.268090583389434869e+02
-1.082934489814543667e+03
-1.113078023530664268e+03
-1.120103842486619214e+03
-1.452150568492589400e+03
-1.061519974402507614e+03
-1.189122994632503833e+03
-8.176531300550527703e+02
-9.159148161938500152e+02
-1.077902268648465224e+03
-9.867513094270808551e+02
-1.230368833089725968e+03
-7.904272970801289375e+02
-9.650983363081541029e+02
-9.554686655280454488e+02
-9.574145675279814895e+02
-7.476605078576448022e+02
-8.165996546466851669e+02
-1.543708576941272440e+03
-9.392289330018222699e+02
-4.429562400972525893e+02
-2.702973577470731357e+02
-5.270146120819363205e+02
-6.505178896013362646e+02
-2.512348268412204959e+02
-5.665543384680024701e+02
-2.605294376754478094e+02
-1.239589628951254525e+02
-3.956029868370548002e+02
-2.623135892574047148e+02
-5.114791227210528746e+02
-3.984969228506731724e+02
-5.248144195300976662e+02
-6.558800522440724308e+02
-5.279008603408700537e+02
