1.140000000000000000e+02
1.680000000000000000e+02
2.000000000000000000e+02
1.700000000000000000e+02
2.000000000000000000e+02
5.100000000000000000e+01
1.800000000000000000e+01
2.000000000000000000e+02
2.000000000000000000e+02
1.200000000000000000e+01
2.000000000000000000e+02
2.000000000000000000e+02
5.700000000000000000e+01
2.000000000000000000e+02
2.000000000000000000e+02
1.790000000000000000e+02
1.460000000000000000e+02
1.340000000000000000e+02
1.500000000000000000e+02
1.390000000000000000e+02
1.620000000000000000e+02
2.000000000000000000e+02
1.760000000000000000e+02
1.280000000000000000e+02
6.300000000000000000e+01
5.900000000000000000e+01
1.550000000000000000e+02
4.700000000000000000e+01
1.940000000000000000e+02
5.800000000000000000e+01
1.590000000000000000e+02
5.200000000000000000e+01
2.400000000000000000e+01
1.000000000000000000e+01
7.700000000000000000e+01
1.700000000000000000e+01
1.980000000000000000e+02
1.190000000000000000e+02
1.430000000000000000e+02
1.220000000000000000e+02
1.690000000000000000e+02
1.380000000000000000e+02
1.410000000000000000e+02
1.980000000000000000e+02
1.510000000000000000e+02
2.000000000000000000e+02
1.500000000000000000e+02
2.000000000000000000e+02
1.910000000000000000e+02
2.000000000000000000e+02
