-1.318994771495242958e+03
-1.289612276162416492e+03
-1.093392570675351863e+03
-1.688820091998424459e+03
-1.244990324186655016e+03
-1.625005061675163915e+03
-1.675666303604319864e+03
-1.696740091710481238e+03
-1.377559959355940236e+03
-1.762194934954790142e+03
-1.569346940528617779e+03
-1.790914511523631063e+03
-1.813096132316603189e+03
-1.787738055994946535e+03
-1.755128431414533907e+03
-1.865692713959922912e+03
-1.823258034678402964e+03
-1.633515557722794256e+03
-1.707117891762272848e+03
-1.778606103519603494e+03
-1.812299960285335374e+03
-1.674709272145272735e+03
-1.442564756133825085e+03
-1.788130108681404408e+03
-1.636358121221631109e+03
-1.692584077210177156e+03
-1.672661411760793499e+03
-1.654016290738415819e+03
-1.458786142066644516e+03
-1.333224500710981602e+03
-1.341759972157710081e+03
-1.645450348857991685e+03
-1.184477478237822424e+03
-1.338006060210652095e+03
-1.471484122297565818e+03
-1.485390117250475441e+03
-1.301876091694515253e+03
-1.409330720255587494e+03
-1.429653782721804191e+03
-1.354105025017046273e+03
-1.208392383546124165e+03
-1.647778157685565247e+03
-1.501710109865619643e+03
-1.436111112812775900e+03
-8.953995423055966967e+02
-1.507120158588699951e+03
-1.291044699566716645e+03
-1.187754209071765672e+03
-1.332486150146705540e+03
-1.182776892230179328e+03
-1.157739071123877011e+03
-1.317698186916256418e+03
-1.011930855300093867e+03
-1.179844516493590618e+03
-1.228880138322118228e+03
-1.315728721181046694e+03
-1.241915302934416104e+03
-1.321211538149124635e+03
-9.093779566841839141e+02
-1.353021431585407754e+03
-1.159172634375699090e+03
-8.166420659321778430e+02
-1.226573677468285950e+03
-9.172190969468048252e+02
-1.169812362227887206e+03
-1.299774690602084320e+03
-1.339459037682289136e+03
-1.065548491090690050e+03
-1.064880290264831046e+03
-1.201328338932232555e+03
-1.279791824235473086e+03
-1.204486583291628676e+03
-1.262337756747718004e+03
-1.282342605434097550e+03
-1.272604844365806230e+03
-1.075354104648552948e+03
-1.248062028845372879e+03
-1.324681695215239188e+03
-1.209333472359431880e+03
-1.287332799354854842e+03
-1.174677154318599378e+03
-1.243076937788287296e+03
-1.242106871923556128e+03
-8.759150351475049092e+02
-1.361279458112575412e+03
-1.166625669892629730e+03
-1.251367870617993276e+03
-1.320538148918973775e+03
-1.321380330941324246e+03
-1.207967886316767590e+03
-1.296165034788325784e+03
-1.354276320210393123e+03
-1.294475975393117324e+03
-1.325840401361515887e+03
-1.296123308341115489e+03
-1.298515213390205190e+03
-1.324123912159730708e+03
-1.350235063415140985e+03
-1.354885802144277022e+03
-1.282972586024349084e+03
-1.219732265479679427e+03
-1.323236995742339559e+03
-1.323809742593132341e+03
-5.700180945927835410e+02
-1.170049636396377082e+03
-1.234293507884957762e+03
-1.342464946093545450e+03
-1.348915716100809732e+03
-7.490724735931430587e+02
-1.348069667265265480e+03
-1.355300120637698001e+03
-1.233333340611980475e+03
-1.310114289429801374e+03
-1.301729598221056449e+03
-1.330976869049341303e+03
-1.249195336455727784e+03
-7.439182260826157744e+02
-7.108046306498371223e+02
-6.362974580323688087e+02
-1.311197141089968000e+03
-1.325158484024818335e+03
-1.180900675241739009e+03
-8.127916829002296026e+02
-5.094716638473148578e+02
-6.228416280760997097e+02
-9.745432183796732488e+02
-8.601776969142021017e+02
-1.059157878985481602e+03
-8.427903517549593744e+02
-8.622994740748628146e+02
-8.632381779252033311e+02
-9.574296995567714248e+02
-7.548951005057701877e+02
-5.093821689655927116e+02
-1.200965479959381582e+03
-5.451534952279548634e+02
-9.912004380619977155e+02
-7.449705266206570968e+02
-9.110179206651311006e+02
-9.413116266015423435e+02
-8.552918707612454909e+02
-1.054305064611199896e+03
-7.861842452751457131e+02
-7.455142222265748160e+02
-5.014095678825867139e+02
-7.529064234369054702e+02
-1.112929307636881504e+03
-4.954035728171122059e+02
-1.001777065374457720e+03
-4.996341244810347462e+02
-6.213670711151978594e+02
-8.679681855166380728e+02
-7.477411815320529058e+02
-3.833057293023263696e+02
-9.028730911562145138e+02
-4.998590216120801983e+02
-7.347822304119181354e+02
-8.788540018874299449e+02
-3.785476191115714073e+02
-8.829813200353545426e+02
-6.236340893680346653e+02
-5.123409707363426833e+02
-6.279426921361057339e+02
-1.289019667930547826e+02
-7.484088754831376491e+02
-5.006668517663846387e+02
-5.018942341677930017e+02
-3.691225926045644883e+02
-6.157977236532500456e+02
-5.011115846825259723e+02
-6.281906774443987160e+02
-7.814545466589395346e+02
-1.258065774071305896e+02
-1.270403449911254512e+02
-1.252702395480419142e+02
-2.517796024223630695e+02
-3.749174957402110522e+02
-5.017744321264724476e+02
-2.531700949254949933e+02
-2.489469147241353824e+02
-3.593099579716810013e+02
-5.003225747536374683e+02
-2.505340829541748064e+02
-2.499902213377992553e+02
-6.104587600045946374e+02
-2.505741975844669298e+02
-2.477112524316881377e+02
-1.268933292816820710e+02
-3.791335262185931470e+02
-4.928144096027554042e+02
-9.863110682860581164e+02
-5.526347473921322262e+02
-3.700645088904637987e+02
-2.533529532360343808e+02
-5.532755905561682539e+02
-3.691315899536836014e+02
-2.402743645490878066e+02
-1.752004759287840718e+00
-2.388321463861871621e+02
-4.831547597260337739e+02
-3.747223168861605700e+02
-2.516032886145909515e+02
-2.521947917485148594e+02
-2.442995948978259833e+02
-2.509647404127423442e+02
-1.250944042419541518e+02
-3.680733974583125701e+02
-1.273956170367331850e+02
-3.743214527139559209e+02
-9.114209636135469639e-01
-2.472309107579721967e+02
-2.346625055187538500e+00
-1.260959479069891103e+02
-1.270728650649673170e+02
-4.867231487453732370e+02
-2.509130428950832368e+02
-2.516172842448137601e+02
-1.257640257071819434e+02
-3.755978657277423736e+02
-5.429055798473744971e+02
-3.723153050780415469e+02
-1.267867801285721043e+02
-2.490900251978907818e+02
-1.275746363159877035e+02
-3.659221602430328062e+02
-1.270955658644832624e+02
-2.477093466117624700e+02
-1.238808255745880160e+02
-1.272920409245374884e+02
-2.469153436900479903e+02
-1.278236192781936751e+02
-4.852515806503512863e+02
-3.593480686877406356e+02
-1.272058878305025473e+02
-3.590402556100087281e+02
-2.426837428329051534e+02
-3.634259637226552968e+02
-1.200379959686841636e+00
-5.319231042781076439e+02
-1.229164347638038066e+02
-1.262555760962845710e+02
-4.847126657610522784e+02
-2.496042972766692571e+02
-1.627565612663114614e+00
-1.274422918678858139e+02
-1.249109843198349807e+02
-6.329515917242080070e-01
-2.378312159718426813e+02
-1.537410005381822931e+00
-2.486605186079871146e+02
-4.818695621011550543e+02
-5.052775864302977311e+02
-3.614227232593505619e+02
-5.394207954737455566e+02
-1.249757687204310770e+02
-3.634543720506103455e+02
-2.464792442078798729e+02
-3.603794986268865728e+02
-1.266104854041715697e+02
-3.590419388388031052e+02
-2.446145366737458176e+02
-1.282936756420521363e+02
-1.233237086648510257e+02
-1.252370925850888597e+02
-1.234395536290473103e+02
-1.394687105008625805e+00
-5.873106459030115047e+02
-4.733612656443613105e+02
-2.485946438820742799e+02
-1.272293272625168754e+02
-1.273871792516824257e+02
-4.811261326120944091e+02
-7.886694783182145452e-01
-1.203998309162508349e+02
-1.275780594473652627e+02
-2.435566050351950480e+02
-1.243818046940014881e+02
-4.798413552151811814e+02
-1.279249466194781206e+02
-4.884558110068369956e+02
-4.921498893395315690e+02
-3.595084904842880746e+02
-2.494882006134065477e+02
-3.718310066192918271e+02
-3.669436007595538172e+02
-1.255413517692073668e+02
-1.265325587299556531e+02
-6.285010968937781399e+02
-1.245236163582073345e+02
-1.266250666933069766e+02
-2.415157291015327417e+02
-1.274690459320743230e+02
-2.459707574458557247e+02
-3.737334242050214925e+02
-1.268536463762032440e+02
-2.366098344203493298e+02
-1.243456667561566462e+02
-1.264769489171192731e+02
-1.489060665522639937e+00
-4.769092432629646510e+02
-2.458626193724710447e+02
-1.261999253746635361e+02
-4.795954805417334228e+02
-3.723663865958772590e+02
-5.301900635787478677e+02
-1.257364897125798819e+02
-1.281401087549110116e+02
-2.415454145713572984e+02
-5.872061144182163162e+02
-2.444930520930176385e+02
-4.881486486982423685e+02
-1.244644147552623252e+02
-3.649283761629577612e+02
-5.965275737672537844e+02
-1.215377222091326814e+02
-6.054230521371506484e+02
-2.405667890163382765e+02
-1.253180405196934970e+02
-6.069847028162917013e+02
-1.273603631301176762e+02
-1.252026559872087148e+02
-1.246577088595963119e+02
-2.440481990255830169e+02
-6.061609444010506422e+02
-1.277984712983100479e+02
-1.229592360169241516e+02
-1.270788506853594839e+02
-1.526007548210933429e+00
-1.278290871336132710e+02
-1.268429648716937663e+02
-1.259035180337191662e+02
-3.656842268969073757e+02
-1.212165496158975913e+02
-1.261331254683550043e+02
-4.745996500621848782e+02
-3.653018749596300268e+02
-2.457245425529703198e+02
-1.276283204303527015e+02
-1.277830346283913059e+02
-2.416920032144875563e+02
-3.638456605758032651e+02
-2.387082719715347423e+02
-1.271176669163148887e+02
-1.267680787194343281e+02
-1.255602990202466884e+02
-6.130628270004941669e+02
-3.681196218339127881e+02
-2.400738228760848187e+02
-1.265797632356026554e+02
-4.850367491707644376e+02
-1.260414340660534549e+02
-2.464736449467256421e+02
-1.268861671972605905e+02
-4.874429306237766468e+02
-1.219417502042131929e+02
-5.000598802829567830e+02
-2.490243346850617741e+02
-2.459755048727207623e+02
-1.269756924092387180e+02
-2.424534049446453423e+02
-3.593694612585389336e+02
-1.241138066920966452e+02
-3.679525262692842489e+02
-1.265756690471837231e+02
-5.066498904915037542e+02
-1.261789724259825363e+02
-1.471639913830574242e+00
-1.264685778704878913e+02
-1.278566918351392161e+02
-1.273745573826664668e+02
-1.257291118432857502e+02
-2.256378053690956342e+00
-5.692876594141652049e+02
-2.358739510228852225e+02
-1.815213229447601995e+00
-1.267252967010889648e+02
-1.273766399006676977e+02
-1.232730958668852281e+02
-3.590301980316321533e+02
-4.827845457264819515e+02
-2.438213567581798884e+02
-6.053317722474365610e+02
-1.264484100582770907e+02
-1.272893641662086850e+02
-1.663616061446116845e+00
-2.416810289058545038e+02
-1.265677602093841756e+02
-5.395091784879343777e+02
-4.844721423003331324e+02
-5.071888352320759168e+02
-1.244999223271109088e+02
-1.261003995461667273e+02
-4.936370466186405679e+02
-3.543819309463369223e+02
-2.446321416934493129e+02
-3.734411125219263567e+02
-3.678300303707993635e+02
-2.414071044619428505e+02
-1.277064443655836925e+02
-1.261866820497059507e+02
-1.243256444191386123e+02
-1.237389057909363856e+02
-1.230512241831077773e+02
-1.273311611908523489e+00
-1.199175406488180755e+02
-5.282445538806233571e+02
-3.691943099319557291e+02
-4.740413405212032671e+02
-2.470081251724602112e+02
-1.215792701030916447e+02
-3.545612109021985816e+02
-2.438198894425734409e+02
-1.237770334707913946e+02
-2.398315950100169403e+02
-1.246543830054968822e+02
-4.866761050487489797e+02
-1.272992252679382119e+02
-6.160499321169920677e+02
-1.267170785403288420e+02
-2.428772651956573156e+02
-1.250324967434297889e+02
-1.229045810389575450e+02
-3.542774017998300451e+02
-3.525765753657687469e+02
-5.905502822263225653e+02
-5.218410258116490468e+02
-2.393427521341513398e+02
-5.026704824696369656e+02
-1.246539224337689973e+02
-2.451450711761913794e+02
-2.315048966018856014e+00
-2.425590316351590161e+02
-4.779827362792025838e+02
-2.461088007624746297e+02
-1.242066663957659074e+02
-3.573089904241913928e+02
-1.262984365902895831e+02
-1.254459421160775889e+02
-2.370513868877017956e+02
-2.447774804105098951e+02
-3.606242395491005368e+02
-4.760888565848246685e+02
-2.472526925239802722e+02
-1.269616132335440142e+02
-2.032911471362564004e+00
-4.816489535683448935e+02
-1.666260120600548955e+00
-5.717779253077195563e+02
-2.904843810978514629e+00
-4.936080298130189021e+02
-1.850052144327799297e+00
-1.269524220103209586e+02
-1.265778081199700438e+02
-1.249042457351056896e+02
-2.457671427020702595e+02
-2.371661674569579077e+02
-2.102119910681773618e+00
-2.187653967583741643e+00
-1.243822011975262001e+02
-4.872791066068060104e+02
-1.226609184148345122e+02
-2.460943873932785095e+02
-3.631298864022513158e+02
-1.230222333979759384e+02
-2.458381296463425087e+02
-2.419703017095445148e+02
-1.210773816582893829e+02
-2.470257022711798527e+02
-1.271067908044541639e+02
-1.276518600122108182e+02
-2.506399432809743359e+02
-2.449763450583296844e+02
-2.483558146217812350e+02
-1.234516594270170344e+02
-1.406687127697049622e+00
-6.347001802948213935e+02
-2.417900974799588312e+02
-3.623918517397907522e+02
-1.224106166370070099e+02
-2.397170826543025726e+02
-1.265127176171547916e+02
-1.248082913217546093e+02
-1.264328924364459965e+02
-3.681084617767972986e+02
-2.548672915226518967e+02
-2.436128876841396789e+02
-2.459989067053482756e+02
-1.742390370846730763e+00
-1.277872138426290007e+02
-1.261488489185082784e+02
-3.574494629555125584e+02
-2.464201576382887140e+02
-3.729918000105405440e+02
-3.561536962927502259e+02
-1.253795385059402321e+02
-1.272487877821520357e+02
-1.276029968402213655e+02
-1.245706142130031537e+02
-5.061691560520331450e+02
-3.734377607634348237e+02
-6.110182208422212398e+02
-1.291027952450958480e+02
-3.613486573661423336e+02
-1.228770730329912766e+02
-1.276375552512268143e+02
-1.293030563490977158e+02
-2.437024634666431950e+02
-2.535488943391453631e+02
-1.219310082357876297e+02
-1.258965471153644557e+02
-1.239354117461960243e+02
-2.391687437644752663e+02
-2.423837274259239223e+02
-3.688608122466430359e+02
-3.662534311826141220e+02
-2.490361272743774066e+02
-1.268125682343196843e+02
-5.634176284289835621e+02
-1.253368671219969315e+02
-4.784265247700230930e+02
-1.744809347350881668e+00
-2.397509447905137279e+02
-1.224768724210504018e+02
-1.229382343271326761e+02
-1.268581159482712764e+02
-5.092711386742878972e+02
-1.267664578518605509e+02
-1.090867687128216357e+00
-4.845741744046099484e+02
-2.395304834007445152e+02
-4.825687961000814994e+02
-5.762268529308390725e+02
-5.102748502228947132e+02
-1.254771202904040024e+02
-1.237389740974997210e+02
-2.473605854279438745e+02
-1.249943998422773177e+02
-1.233548469403448422e+02
-3.683664887244865440e+02
-1.244125215615730013e+02
-1.270190488367387474e+02
-4.924895678404781165e+02
-6.009349322015597181e+02
-3.639193803671624323e+02
-1.250921455723805735e+02
-1.208787849982550568e+02
-4.878120834016712024e+02
-1.270813103829097059e+02
-4.887007911551066854e+02
-2.367402680722957484e+02
-2.460050816081989922e+02
-2.436049451158019110e+02
-3.545928976197220663e+02
-1.268161007885323102e+02
-1.257950911375457252e+02
-3.635919073670534090e+02
-2.381251519280382034e+00
-6.089130239996547971e+02
-1.268579099790701008e+02
-1.217835281747409084e+02
-1.268839852828632786e+02
-2.506989107903374592e+00
-2.439829011702971968e+02
-2.410606432351719945e+02
-1.245238646217003406e+02
-1.212682246325943680e+02
-1.249423369412066194e+02
-3.717289655988505501e+02
-1.263101054460805841e+02
-3.626747384562542607e+02
-1.242632081843618579e+02
-2.556759937263014137e+02
-2.363493829199288996e+02
-2.437931701218743115e+02
-1.216642271850756458e+02
-5.916847340862692590e+02
-2.854716105416254663e+02
-7.168070277266687071e+02
-4.924209485708590819e+02
-3.346420850878762732e+00
-1.271773223036974372e+02
-3.711841375326305865e+02
-1.273148178807929725e+02
-3.705167283118577188e+02
-1.231019220069108258e+02
-2.390399963837568009e+02
-1.203891617088381452e+02
-1.242400723875720843e+02
-3.823985769202010943e+02
-1.248668075022870596e+02
-1.220137780603128164e+02
-2.446950451199146244e+02
-1.262316054457744912e+02
-5.941218350677064564e+02
-1.220766968916885133e+02
-3.741465776302255222e+02
-1.263209372669745107e+02
-5.282201032539917378e+02
-1.260461541299139867e+02
-1.241919606974577164e+02
-1.022407610108536646e+00
-2.495940673330349000e+02
-6.046070471165268145e+02
-5.489295277583751158e+02
-1.216187520887766311e+02
-4.788548472202704147e+02
-3.559227185906779596e+02
-1.269167015417423841e+02
-1.271923606410501861e+02
-2.429367953006165237e+02
-1.273862970251873321e+02
-2.416705215241465794e+02
-4.763349714752985733e+02
-3.684236929233388764e+02
-2.400350434175789189e+02
-1.290792177716129174e+02
-1.271494250215500301e+02
-4.823242467637634832e+02
-2.680616821731839572e+00
-3.666304368855424514e+02
-1.238177959728055981e+02
-3.579600484794165709e+02
-4.733370725982623526e+02
-2.472354863483753320e+02
-6.269810221212110264e+02
-9.131135778174144662e+02
-1.255726581474051926e+02
-1.008661850069838465e+03
-9.271508222683588656e+02
-9.116733175916128857e+02
-2.416182079810366474e+02
-8.800406480282224493e+02
-1.264075390050183785e+02
-1.232015836139293867e+02
-5.899133029458533883e+02
-1.055422245090238853e+00
-2.417874534896601517e+02
-6.267122080023793842e+02
-2.401853308595998158e+02
-3.559297923839754958e+02
-2.410150500879741458e+02
-2.417657933283666409e+02
-3.604494960194572286e+02
-2.553630721088729842e+02
-1.286450004017016511e+02
-1.279725777094994896e+02
-1.286849868255023921e+02
-1.292993570735866911e+02
-4.942418749322838494e+02
-2.379625326406623742e+02
-2.363010527039251087e+02
-6.167797472422962528e+02
-2.379602006733392727e+02
-2.392131824878541693e+02
-2.381580876178375661e+02
-3.702870281253022995e+02
-1.267562772691438369e+02
-2.450939249172896837e+02
-1.200514795184886339e+02
-2.349313407467188597e+02
-2.441717043014701574e+02
-3.055695699944341204e+00
-6.105491477913133167e+02
-1.240169176975364707e+02
-1.268578440264504366e+02
-4.772838745102112057e+02
-1.257517146701925981e+02
-3.662549127096108919e+02
-3.598346340241803318e+02
-1.229275346813330287e+02
-2.294504381966723017e+00
-4.805131994238379889e+02
-1.230194353520071928e+02
-3.574012215448437360e+02
-4.888758776278504001e+02
-2.308953764489719163e+02
-2.938431279483301850e+00
-3.583093645305606287e+02
-2.439088733022848032e+02
-1.278111326262734337e+02
-2.380911046379469269e+02
-3.697065895781632889e+02
-4.749210282385041069e+02
-1.265362090818939436e+02
-2.476713735266474714e+02
-3.534094797897800504e+02
-5.859973745086192594e+02
-4.819485596653477728e+02
-3.617549755812113403e+02
-1.247177767926343677e+02
-3.530785590114580828e+02
-6.178088349147192275e+02
-1.269261591215134644e+02
-3.564464363749203244e+02
-4.879498317114199608e+02
-1.248709509073408697e+02
-3.587100173163837553e+02
-1.221919117613932002e+02
-3.633977083519369558e+02
-2.366564020989192727e+02
-1.270592267995178446e+02
-1.225424275678822283e+02
-1.253507044435079081e+02
-4.752027835841963110e+02
-1.259486904822294662e+02
-4.745548516052888317e+02
-1.234187102722283527e+02
-3.565420954757741470e+02
-3.541917713872195463e+02
-3.707932632313293198e+02
-3.567275678673616426e+02
-5.783832457625401879e-01
-1.193226019751854921e+02
-2.377321890729442373e+02
-1.263292462460082106e+02
-7.347791676448729437e-01
-2.406167506802712523e+02
-3.591800157374282776e+02
-3.718011704084227063e+02
-1.228655401404632244e+02
-2.400567694513424328e+02
-1.258092417031661796e+02
-5.880307536704049198e+02
-1.239238160735045255e+02
-1.186958073701084402e+02
-1.238512062616419911e+02
-8.454115683969120054e-01
-1.275324020804416421e+02
-4.959368783949054773e+02
-4.810739199253147262e+02
-2.461699332495128942e+02
-1.238842397171943901e+02
-3.664025591516503368e+02
-1.258679670929187182e+02
-2.383528153915889618e+02
-1.256831895666800420e+02
-3.710163836696639237e+02
-1.210870250622120778e+02
-1.292504490837852904e+00
-3.667753999371967097e+02
-1.227379936921153814e+02
-3.605897222948676131e+02
-1.223056291627530783e+02
-2.358634787384178537e+02
-2.511389193857934572e+02
-1.254988359719834108e+02
-1.246976578252266421e+02
-4.768171316513148668e+02
-1.268568938276365685e+02
-1.259286946314491900e+02
-3.637307435133477611e+02
-3.545711138943885317e+02
-2.451868664360926005e+02
-1.259080309651202754e+02
-5.860317401244278699e+02
-4.853043912639367932e+02
-1.251313170627950768e+02
-1.284679848848572874e+02
-3.692417444497569932e+02
-1.236212163620583624e+02
-2.394950900352987446e+02
-1.215090010317904188e+02
-1.210723690310289840e+02
-4.846231999739901539e+02
-2.399486891508673523e+02
-1.265443456582055148e+02
-3.707726694491158810e+02
-3.629167117569523384e+02
-2.515137908255476304e+02
-1.251603801193110712e+02
-2.421115230067984214e+02
-3.532561061342337894e+02
-2.400084482980822429e+02
-1.266657603503886946e+02
-9.295954575386219387e-01
-1.252183985427697337e+02
-1.261787767449981601e+02
-1.258207367029768875e+02
-1.251638374145619821e+02
-3.565923941352172051e+02
-4.839027537266152308e+02
-1.250815833894837255e+02
