9.000000000000000000e+00
8.000000000000000000e+00
1.000000000000000000e+01
1.000000000000000000e+01
1.000000000000000000e+01
1.000000000000000000e+01
9.000000000000000000e+00
1.100000000000000000e+01
1.000000000000000000e+01
1.200000000000000000e+01
9.000000000000000000e+00
8.000000000000000000e+00
9.000000000000000000e+00
1.000000000000000000e+01
1.000000000000000000e+01
1.200000000000000000e+01
1.000000000000000000e+01
9.000000000000000000e+00
9.000000000000000000e+00
9.000000000000000000e+00
1.200000000000000000e+01
9.000000000000000000e+00
1.200000000000000000e+01
1.200000000000000000e+01
1.200000000000000000e+01
1.300000000000000000e+01
1.000000000000000000e+01
1.200000000000000000e+01
1.800000000000000000e+01
4.200000000000000000e+01
1.000000000000000000e+01
9.000000000000000000e+00
1.200000000000000000e+01
1.000000000000000000e+01
1.100000000000000000e+01
1.000000000000000000e+01
1.000000000000000000e+01
9.000000000000000000e+00
9.000000000000000000e+00
8.000000000000000000e+00
1.000000000000000000e+01
8.000000000000000000e+00
9.000000000000000000e+00
1.600000000000000000e+01
3.000000000000000000e+01
3.600000000000000000e+01
2.900000000000000000e+01
7.400000000000000000e+01
7.200000000000000000e+01
6.300000000000000000e+01
3.900000000000000000e+01
4.200000000000000000e+01
7.900000000000000000e+01
7.500000000000000000e+01
5.400000000000000000e+01
7.900000000000000000e+01
3.100000000000000000e+01
4.100000000000000000e+01
6.100000000000000000e+01
4.500000000000000000e+01
6.000000000000000000e+01
8.200000000000000000e+01
1.600000000000000000e+02
1.020000000000000000e+02
2.650000000000000000e+02
1.570000000000000000e+02
1.930000000000000000e+02
2.200000000000000000e+02
1.180000000000000000e+02
1.790000000000000000e+02
2.010000000000000000e+02
2.780000000000000000e+02
2.080000000000000000e+02
2.560000000000000000e+02
2.380000000000000000e+02
2.150000000000000000e+02
2.650000000000000000e+02
2.160000000000000000e+02
1.920000000000000000e+02
1.840000000000000000e+02
3.180000000000000000e+02
1.890000000000000000e+02
2.550000000000000000e+02
1.920000000000000000e+02
2.240000000000000000e+02
2.810000000000000000e+02
2.030000000000000000e+02
1.920000000000000000e+02
3.210000000000000000e+02
2.620000000000000000e+02
2.300000000000000000e+02
4.230000000000000000e+02
2.410000000000000000e+02
2.380000000000000000e+02
2.230000000000000000e+02
2.390000000000000000e+02
2.020000000000000000e+02
2.040000000000000000e+02
3.300000000000000000e+02
1.520000000000000000e+02
2.220000000000000000e+02
2.000000000000000000e+02
1.860000000000000000e+02
2.750000000000000000e+02
1.890000000000000000e+02
1.730000000000000000e+02
2.110000000000000000e+02
5.000000000000000000e+02
2.710000000000000000e+02
3.500000000000000000e+02
2.210000000000000000e+02
2.450000000000000000e+02
2.880000000000000000e+02
1.830000000000000000e+02
1.730000000000000000e+02
1.930000000000000000e+02
1.790000000000000000e+02
1.960000000000000000e+02
2.770000000000000000e+02
2.090000000000000000e+02
1.750000000000000000e+02
1.870000000000000000e+02
2.090000000000000000e+02
2.040000000000000000e+02
2.130000000000000000e+02
1.820000000000000000e+02
2.350000000000000000e+02
1.960000000000000000e+02
1.920000000000000000e+02
2.080000000000000000e+02
1.940000000000000000e+02
2.010000000000000000e+02
1.820000000000000000e+02
1.520000000000000000e+02
1.830000000000000000e+02
2.090000000000000000e+02
1.790000000000000000e+02
1.760000000000000000e+02
3.450000000000000000e+02
3.440000000000000000e+02
3.330000000000000000e+02
3.810000000000000000e+02
3.280000000000000000e+02
3.100000000000000000e+02
3.570000000000000000e+02
5.000000000000000000e+02
3.650000000000000000e+02
3.320000000000000000e+02
4.050000000000000000e+02
3.750000000000000000e+02
4.230000000000000000e+02
2.910000000000000000e+02
3.140000000000000000e+02
3.120000000000000000e+02
5.000000000000000000e+02
3.560000000000000000e+02
3.200000000000000000e+02
5.000000000000000000e+02
5.000000000000000000e+02
5.000000000000000000e+02
5.000000000000000000e+02
2.040000000000000000e+02
3.560000000000000000e+02
1.440000000000000000e+02
2.910000000000000000e+02
5.000000000000000000e+02
5.000000000000000000e+02
5.000000000000000000e+02
3.250000000000000000e+02
3.160000000000000000e+02
5.000000000000000000e+02
4.040000000000000000e+02
5.000000000000000000e+02
5.000000000000000000e+02
5.000000000000000000e+02
5.000000000000000000e+02
4.670000000000000000e+02
2.180000000000000000e+02
5.000000000000000000e+02
5.000000000000000000e+02
2.320000000000000000e+02
5.000000000000000000e+02
5.000000000000000000e+02
5.000000000000000000e+02
5.000000000000000000e+02
3.240000000000000000e+02
5.000000000000000000e+02
2.370000000000000000e+02
5.000000000000000000e+02
5.000000000000000000e+02
3.890000000000000000e+02
1.950000000000000000e+02
2.940000000000000000e+02
5.000000000000000000e+02
5.000000000000000000e+02
5.000000000000000000e+02
5.000000000000000000e+02
5.000000000000000000e+02
2.900000000000000000e+02
5.000000000000000000e+02
