1.410000000000000000e+02
8.800000000000000000e+01
2.000000000000000000e+02
2.000000000000000000e+02
1.910000000000000000e+02
9.000000000000000000e+00
1.000000000000000000e+01
2.000000000000000000e+02
2.000000000000000000e+02
2.000000000000000000e+02
2.000000000000000000e+02
1.600000000000000000e+01
2.000000000000000000e+02
2.000000000000000000e+02
2.000000000000000000e+02
1.040000000000000000e+02
8.000000000000000000e+01
8.100000000000000000e+01
8.000000000000000000e+01
7.800000000000000000e+01
8.300000000000000000e+01
1.800000000000000000e+01
8.200000000000000000e+01
1.080000000000000000e+02
7.900000000000000000e+01
8.200000000000000000e+01
2.200000000000000000e+01
1.060000000000000000e+02
2.000000000000000000e+02
7.800000000000000000e+01
7.900000000000000000e+01
7.600000000000000000e+01
8.400000000000000000e+01
9.600000000000000000e+01
9.300000000000000000e+01
8.100000000000000000e+01
8.400000000000000000e+01
7.900000000000000000e+01
1.790000000000000000e+02
1.130000000000000000e+02
8.600000000000000000e+01
1.090000000000000000e+02
1.240000000000000000e+02
2.000000000000000000e+02
9.300000000000000000e+01
9.000000000000000000e+01
2.000000000000000000e+02
1.420000000000000000e+02
1.350000000000000000e+02
2.000000000000000000e+02
2.000000000000000000e+02
2.000000000000000000e+02
2.000000000000000000e+02
1.020000000000000000e+02
2.000000000000000000e+02
2.000000000000000000e+02
2.000000000000000000e+02
2.000000000000000000e+02
2.000000000000000000e+02
2.000000000000000000e+02
2.000000000000000000e+02
2.000000000000000000e+02
2.000000000000000000e+02
2.000000000000000000e+02
2.000000000000000000e+02
2.000000000000000000e+02
2.000000000000000000e+02
2.000000000000000000e+02
2.000000000000000000e+02
2.000000000000000000e+02
2.000000000000000000e+02
2.000000000000000000e+02
2.000000000000000000e+02
2.000000000000000000e+02
2.000000000000000000e+02
2.000000000000000000e+02
2.000000000000000000e+02
2.000000000000000000e+02
2.000000000000000000e+02
2.000000000000000000e+02
2.000000000000000000e+02
2.000000000000000000e+02
2.000000000000000000e+02
2.000000000000000000e+02
2.000000000000000000e+02
2.000000000000000000e+02
2.000000000000000000e+02
2.000000000000000000e+02
2.000000000000000000e+02
2.000000000000000000e+02
2.000000000000000000e+02
2.000000000000000000e+02
2.000000000000000000e+02
1.910000000000000000e+02
9.000000000000000000e+01
2.000000000000000000e+02
1.060000000000000000e+02
1.070000000000000000e+02
9.400000000000000000e+01
9.000000000000000000e+01
1.000000000000000000e+02
9.800000000000000000e+01
5.200000000000000000e+01
5.700000000000000000e+01
1.090000000000000000e+02
4.900000000000000000e+01
4.400000000000000000e+01
3.600000000000000000e+01
3.500000000000000000e+01
2.500000000000000000e+01
3.100000000000000000e+01
3.000000000000000000e+01
3.200000000000000000e+01
3.500000000000000000e+01
3.500000000000000000e+01
2.400000000000000000e+01
3.400000000000000000e+01
3.100000000000000000e+01
3.600000000000000000e+01
3.100000000000000000e+01
5.000000000000000000e+01
3.700000000000000000e+01
3.200000000000000000e+01
3.100000000000000000e+01
5.000000000000000000e+01
3.000000000000000000e+01
2.800000000000000000e+01
8.000000000000000000e+00
8.000000000000000000e+00
1.600000000000000000e+01
9.000000000000000000e+00
1.000000000000000000e+01
9.000000000000000000e+00
8.000000000000000000e+00
9.000000000000000000e+00
8.000000000000000000e+00
9.000000000000000000e+00
1.400000000000000000e+01
4.700000000000000000e+01
5.300000000000000000e+01
4.500000000000000000e+01
4.300000000000000000e+01
7.700000000000000000e+01
1.700000000000000000e+01
2.800000000000000000e+01
2.500000000000000000e+01
4.200000000000000000e+01
8.000000000000000000e+00
2.700000000000000000e+01
8.000000000000000000e+00
9.000000000000000000e+00
2.400000000000000000e+01
1.300000000000000000e+01
5.000000000000000000e+01
1.100000000000000000e+01
1.100000000000000000e+01
2.100000000000000000e+01
8.000000000000000000e+00
9.000000000000000000e+00
1.000000000000000000e+01
1.100000000000000000e+01
4.400000000000000000e+01
9.000000000000000000e+00
9.000000000000000000e+00
1.000000000000000000e+01
9.000000000000000000e+00
9.000000000000000000e+00
9.000000000000000000e+00
9.000000000000000000e+00
1.200000000000000000e+01
9.000000000000000000e+00
9.000000000000000000e+00
1.100000000000000000e+01
1.000000000000000000e+01
1.000000000000000000e+01
9.000000000000000000e+00
1.300000000000000000e+01
8.000000000000000000e+00
9.000000000000000000e+00
9.000000000000000000e+00
1.000000000000000000e+01
1.200000000000000000e+01
9.000000000000000000e+00
1.000000000000000000e+01
1.600000000000000000e+01
1.100000000000000000e+01
5.500000000000000000e+01
9.000000000000000000e+00
9.000000000000000000e+00
8.000000000000000000e+00
1.200000000000000000e+01
1.100000000000000000e+01
9.000000000000000000e+00
8.000000000000000000e+00
2.300000000000000000e+01
9.000000000000000000e+00
1.900000000000000000e+01
2.900000000000000000e+01
2.100000000000000000e+01
1.300000000000000000e+01
