-1.316587321429856956e+03
-1.368452718767018041e+03
-1.342285591992914760e+03
-1.446947486450981387e+03
-1.491912417574428900e+03
-1.428922425954708388e+03
-1.435118386048689217e+03
-1.462496020039407540e+03
-1.339101747649574236e+03
-1.322443027812128548e+03
-1.373703451044549411e+03
-1.386313250445764197e+03
-1.298254105241947855e+03
-1.447856150512857084e+03
-1.399683906341113925e+03
-1.265629990487395389e+03
-1.334690017108591292e+03
-1.492739187582359136e+03
-1.489668109543379842e+03
-1.411735375143416377e+03
-1.447572065133248998e+03
