3.100000000000000000e+01
1.900000000000000000e+01
1.100000000000000000e+01
6.200000000000000000e+01
4.100000000000000000e+01
1.010000000000000000e+02
1.590000000000000000e+02
1.470000000000000000e+02
2.000000000000000000e+02
2.000000000000000000e+02
1.610000000000000000e+02
2.000000000000000000e+02
2.000000000000000000e+02
2.000000000000000000e+02
2.000000000000000000e+02
2.000000000000000000e+02
2.000000000000000000e+02
2.000000000000000000e+02
2.000000000000000000e+02
2.000000000000000000e+02
2.000000000000000000e+02
2.000000000000000000e+02
2.000000000000000000e+02
2.000000000000000000e+02
2.000000000000000000e+02
2.000000000000000000e+02
2.000000000000000000e+02
