9.000000000000000000e+00
8.000000000000000000e+00
1.000000000000000000e+01
1.000000000000000000e+01
1.000000000000000000e+01
1.000000000000000000e+01
9.000000000000000000e+00
1.100000000000000000e+01
1.000000000000000000e+01
1.200000000000000000e+01
9.000000000000000000e+00
8.000000000000000000e+00
9.000000000000000000e+00
1.000000000000000000e+01
1.000000000000000000e+01
1.200000000000000000e+01
1.000000000000000000e+01
9.000000000000000000e+00
9.000000000000000000e+00
9.000000000000000000e+00
1.200000000000000000e+01
9.000000000000000000e+00
1.200000000000000000e+01
1.200000000000000000e+01
2.000000000000000000e+01
2.600000000000000000e+01
1.000000000000000000e+01
2.300000000000000000e+01
1.300000000000000000e+01
2.600000000000000000e+01
1.600000000000000000e+01
1.200000000000000000e+02
1.100000000000000000e+02
4.100000000000000000e+01
3.500000000000000000e+01
3.500000000000000000e+01
3.100000000000000000e+01
2.100000000000000000e+01
2.100000000000000000e+01
1.900000000000000000e+01
2.100000000000000000e+01
2.400000000000000000e+01
2.600000000000000000e+01
2.600000000000000000e+01
8.200000000000000000e+01
2.700000000000000000e+01
3.600000000000000000e+01
4.600000000000000000e+01
8.900000000000000000e+01
3.200000000000000000e+01
7.300000000000000000e+01
6.900000000000000000e+01
7.400000000000000000e+01
1.180000000000000000e+02
1.490000000000000000e+02
2.000000000000000000e+02
2.000000000000000000e+02
1.240000000000000000e+02
2.000000000000000000e+02
1.430000000000000000e+02
1.520000000000000000e+02
1.360000000000000000e+02
2.000000000000000000e+02
1.140000000000000000e+02
2.000000000000000000e+02
1.240000000000000000e+02
1.740000000000000000e+02
9.700000000000000000e+01
2.000000000000000000e+02
8.800000000000000000e+01
9.700000000000000000e+01
2.000000000000000000e+02
8.800000000000000000e+01
2.000000000000000000e+02
2.000000000000000000e+02
2.000000000000000000e+02
2.000000000000000000e+02
1.450000000000000000e+02
2.000000000000000000e+02
9.300000000000000000e+01
1.460000000000000000e+02
1.580000000000000000e+02
2.000000000000000000e+02
1.740000000000000000e+02
1.470000000000000000e+02
2.000000000000000000e+02
1.650000000000000000e+02
1.720000000000000000e+02
2.000000000000000000e+02
2.000000000000000000e+02
2.000000000000000000e+02
2.000000000000000000e+02
1.610000000000000000e+02
2.000000000000000000e+02
2.000000000000000000e+02
2.000000000000000000e+02
1.960000000000000000e+02
2.000000000000000000e+02
2.000000000000000000e+02
2.000000000000000000e+02
2.000000000000000000e+02
2.000000000000000000e+02
2.000000000000000000e+02
1.950000000000000000e+02
1.980000000000000000e+02
2.000000000000000000e+02
2.000000000000000000e+02
2.000000000000000000e+02
2.000000000000000000e+02
2.000000000000000000e+02
2.000000000000000000e+02
2.000000000000000000e+02
2.000000000000000000e+02
2.000000000000000000e+02
2.000000000000000000e+02
2.000000000000000000e+02
1.850000000000000000e+02
2.000000000000000000e+02
2.000000000000000000e+02
2.000000000000000000e+02
1.730000000000000000e+02
1.750000000000000000e+02
2.000000000000000000e+02
2.000000000000000000e+02
2.000000000000000000e+02
2.000000000000000000e+02
1.850000000000000000e+02
1.830000000000000000e+02
1.540000000000000000e+02
2.000000000000000000e+02
1.780000000000000000e+02
2.000000000000000000e+02
1.890000000000000000e+02
1.550000000000000000e+02
1.710000000000000000e+02
1.700000000000000000e+02
1.720000000000000000e+02
1.650000000000000000e+02
2.000000000000000000e+02
1.950000000000000000e+02
1.980000000000000000e+02
2.000000000000000000e+02
1.940000000000000000e+02
1.670000000000000000e+02
2.000000000000000000e+02
1.800000000000000000e+02
2.000000000000000000e+02
1.720000000000000000e+02
2.000000000000000000e+02
1.680000000000000000e+02
1.790000000000000000e+02
2.000000000000000000e+02
2.000000000000000000e+02
2.000000000000000000e+02
1.960000000000000000e+02
2.000000000000000000e+02
2.000000000000000000e+02
1.500000000000000000e+02
2.000000000000000000e+02
2.000000000000000000e+02
2.000000000000000000e+02
2.000000000000000000e+02
2.000000000000000000e+02
2.000000000000000000e+02
2.000000000000000000e+02
2.000000000000000000e+02
2.000000000000000000e+02
2.000000000000000000e+02
2.000000000000000000e+02
2.000000000000000000e+02
2.000000000000000000e+02
2.000000000000000000e+02
2.000000000000000000e+02
2.000000000000000000e+02
2.000000000000000000e+02
2.000000000000000000e+02
1.860000000000000000e+02
2.000000000000000000e+02
2.000000000000000000e+02
2.000000000000000000e+02
2.000000000000000000e+02
2.000000000000000000e+02
2.000000000000000000e+02
2.000000000000000000e+02
2.000000000000000000e+02
1.870000000000000000e+02
2.000000000000000000e+02
1.740000000000000000e+02
2.000000000000000000e+02
1.520000000000000000e+02
1.730000000000000000e+02
1.780000000000000000e+02
2.000000000000000000e+02
2.000000000000000000e+02
2.000000000000000000e+02
1.550000000000000000e+02
2.000000000000000000e+02
1.670000000000000000e+02
1.740000000000000000e+02
2.000000000000000000e+02
