-1.356272649587305295e+03
-1.056008355019762348e+03
-1.175977351570834799e+03
-1.369853139255536917e+03
-1.092077152477926120e+03
-1.419767974781090516e+03
-1.290566351513765312e+03
-1.450192239411984019e+03
-1.430071498865958347e+03
-1.338462366543064718e+03
-1.318883938125301711e+03
-1.193234963823917042e+03
-1.460149780169514997e+03
-1.305194354223066284e+03
-1.186166611094668724e+03
-1.713521408087505506e+03
-1.321133270878696976e+03
-1.419427648138084351e+03
-1.064201529536227554e+03
-1.348925975420039777e+03
-1.379271001163412393e+03
-1.319716630263567367e+03
-1.389365502298116780e+03
-1.507314120265800511e+03
-1.518929632223597764e+03
-1.074053817335259737e+03
-1.344030115542889234e+03
-1.484076260712959083e+03
-1.525663567037785469e+03
-1.418174324782172107e+03
-1.217768790932819684e+03
-1.274621449554656238e+03
-1.436153197156806300e+03
-1.156957521543590474e+03
-1.506151266352501580e+03
-1.483588331925164994e+03
-1.181131313625909570e+03
-1.502774151943100605e+03
-1.445620271032954861e+03
-1.490545397407965993e+03
-1.150191723031079846e+03
-1.328480523641758737e+03
-1.504972573963244031e+03
-1.450022185121470784e+03
-1.516451092231617167e+03
-1.540190741673556886e+03
-1.500303696751972666e+03
-1.780411088759220320e+03
-8.934867231538036094e+02
-1.756975085103534639e+03
-1.102724563990710067e+03
-1.064097315398783394e+03
-1.305478925021533314e+03
-1.248422976648830627e+03
-1.553400814919335289e+03
-1.509611495901209537e+03
-1.713362701156159574e+03
-1.383289997555971240e+03
-1.177630115988011084e+03
-1.531774794628089239e+03
-1.727314210941347255e+03
-1.506853080905063052e+03
-1.799207052717484657e+03
-1.541958159631283024e+03
-1.081502850908411119e+03
-1.492293176031359735e+03
-1.523271375012093131e+03
-1.591450097811608202e+03
-1.690786320617283991e+03
-1.678881337949713270e+03
-1.376527519640315859e+03
-1.597394146884495740e+03
-1.487046070433956174e+03
-1.559829196415942761e+03
-1.192837902817182794e+03
-1.606388465016339296e+03
-1.766845618587090485e+03
-1.319352345312650186e+03
-1.761966325292520196e+03
-1.683786919932909541e+03
-1.759012027941143742e+03
-1.524331530397347024e+03
-1.583556849340772487e+03
-1.757839935840771659e+03
-1.579763465166714241e+03
-1.484361661434358894e+03
-1.177197298706705396e+03
-1.529695296585846108e+03
-1.447881863238984579e+03
-1.529397990350614918e+03
-1.571213160827347110e+03
-1.548413390743534137e+03
-1.521613729111787279e+03
-1.235078896318990473e+03
-1.511434962371750089e+03
-1.491518719577051570e+03
-1.457165787079632537e+03
-1.555398728807519547e+03
-1.521900877786755245e+03
-1.769911629468862202e+03
