-4.452100000000000000e+04
-1.479270000000000000e+05
-2.706500000000000000e+04
-1.415700000000000000e+04
-7.470000000000000000e+02
-2.635800000000000000e+04
-1.900600000000000000e+04
-9.164000000000000000e+03
-1.381200000000000000e+04
-3.603000000000000000e+03
-1.418000000000000000e+03
-1.325000000000000000e+03
-9.330000000000000000e+02
-4.290000000000000000e+02
-4.830000000000000000e+02
-6.970000000000000000e+02
-1.420000000000000000e+02
-2.737400000000000000e+04
-4.321100000000000000e+04
-3.037000000000000000e+03
-4.988000000000000000e+03
-2.122000000000000000e+03
-3.702600000000000000e+04
-1.503800000000000000e+04
-6.285000000000000000e+03
-1.564800000000000000e+04
-3.784000000000000000e+03
-1.811000000000000000e+03
-1.754100000000000000e+04
-1.041000000000000000e+04
-5.447000000000000000e+03
-1.150000000000000000e+02
-5.180000000000000000e+02
-8.490000000000000000e+02
-4.030000000000000000e+02
-7.560000000000000000e+02
-1.119000000000000000e+03
-1.022000000000000000e+03
-5.240000000000000000e+02
-1.300000000000000000e+03
-1.380000000000000000e+02
-6.068000000000000000e+03
-8.215000000000000000e+03
-1.571400000000000000e+04
-2.133000000000000000e+03
-1.840000000000000000e+02
-5.080000000000000000e+02
-3.720000000000000000e+02
-5.920000000000000000e+02
-1.069000000000000000e+03
-1.532000000000000000e+03
-2.429000000000000000e+03
-8.237000000000000000e+03
-1.083000000000000000e+03
-7.430000000000000000e+02
-2.010000000000000000e+02
-4.170000000000000000e+02
-1.430000000000000000e+02
-6.700000000000000000e+01
-5.000000000000000000e+01
-5.150000000000000000e+02
-2.250000000000000000e+02
-4.000000000000000000e+01
-1.305000000000000000e+03
-1.110000000000000000e+02
-1.190000000000000000e+02
-1.090000000000000000e+02
-4.330000000000000000e+02
-5.180000000000000000e+02
-6.860000000000000000e+02
-2.680000000000000000e+02
-5.100000000000000000e+01
-3.270000000000000000e+02
-5.580000000000000000e+02
-5.800000000000000000e+01
-3.360000000000000000e+02
-2.740000000000000000e+02
-5.110000000000000000e+02
-4.630000000000000000e+02
-3.240000000000000000e+02
-4.670000000000000000e+02
-2.080000000000000000e+02
-3.090000000000000000e+02
-8.000000000000000000e+01
-4.400000000000000000e+01
-3.200000000000000000e+02
-2.930000000000000000e+02
-8.600000000000000000e+01
-9.600000000000000000e+01
-3.000000000000000000e+01
-7.800000000000000000e+01
-5.600000000000000000e+01
-4.100000000000000000e+01
-8.700000000000000000e+01
-1.610000000000000000e+02
-1.900000000000000000e+01
-4.620000000000000000e+02
-2.700000000000000000e+01
-3.900000000000000000e+01
-8.000000000000000000e+01
-1.450000000000000000e+02
-2.100000000000000000e+01
-6.900000000000000000e+01
-2.300000000000000000e+02
-4.500000000000000000e+01
-2.700000000000000000e+01
-2.830000000000000000e+02
-2.300000000000000000e+01
-5.400000000000000000e+01
-1.820000000000000000e+02
-6.000000000000000000e+01
-2.800000000000000000e+01
-1.650000000000000000e+02
-5.500000000000000000e+01
-9.800000000000000000e+01
-5.700000000000000000e+01
-2.030000000000000000e+02
-4.400000000000000000e+01
-2.980000000000000000e+02
-5.200000000000000000e+01
-1.020000000000000000e+02
-3.300000000000000000e+01
-6.600000000000000000e+01
-1.280000000000000000e+02
-1.950000000000000000e+02
-7.600000000000000000e+01
-9.100000000000000000e+01
-1.060000000000000000e+02
-4.000000000000000000e+01
-2.200000000000000000e+01
-7.700000000000000000e+01
-2.900000000000000000e+01
-3.600000000000000000e+01
-5.900000000000000000e+01
-2.800000000000000000e+01
-4.100000000000000000e+01
-1.920000000000000000e+02
-2.800000000000000000e+01
-6.900000000000000000e+01
-5.400000000000000000e+01
-3.300000000000000000e+01
-1.560000000000000000e+02
-4.200000000000000000e+01
-1.880000000000000000e+02
-1.020000000000000000e+02
-3.400000000000000000e+01
-4.300000000000000000e+01
-3.390000000000000000e+02
-6.100000000000000000e+01
-3.800000000000000000e+01
-4.400000000000000000e+01
-2.400000000000000000e+01
-2.680000000000000000e+02
-2.300000000000000000e+01
-4.700000000000000000e+01
-1.290000000000000000e+02
-1.450000000000000000e+02
-2.900000000000000000e+01
-3.000000000000000000e+01
-2.100000000000000000e+01
-2.000000000000000000e+01
-1.100000000000000000e+02
-4.600000000000000000e+01
-1.490000000000000000e+02
-3.200000000000000000e+01
-2.550000000000000000e+02
-4.400000000000000000e+01
-1.510000000000000000e+02
-4.600000000000000000e+01
-6.600000000000000000e+01
-2.100000000000000000e+01
-1.900000000000000000e+01
-2.900000000000000000e+01
-1.130000000000000000e+02
-3.900000000000000000e+01
-2.720000000000000000e+02
-1.960000000000000000e+02
-2.600000000000000000e+01
-1.900000000000000000e+02
-2.200000000000000000e+01
-5.800000000000000000e+01
-9.700000000000000000e+01
-8.300000000000000000e+01
-2.900000000000000000e+01
-1.130000000000000000e+02
-5.300000000000000000e+01
-2.100000000000000000e+01
-6.100000000000000000e+01
-1.510000000000000000e+02
-6.200000000000000000e+01
-2.700000000000000000e+01
-4.700000000000000000e+01
-5.100000000000000000e+01
-2.250000000000000000e+02
-3.000000000000000000e+01
-5.000000000000000000e+01
-6.200000000000000000e+01
-9.900000000000000000e+01
-5.300000000000000000e+01
-5.300000000000000000e+01
-9.400000000000000000e+01
-3.600000000000000000e+01
-5.200000000000000000e+01
-2.700000000000000000e+01
-2.000000000000000000e+01
-5.300000000000000000e+01
-2.800000000000000000e+01
-8.400000000000000000e+01
-2.500000000000000000e+01
-3.300000000000000000e+01
-3.900000000000000000e+01
-1.120000000000000000e+02
-4.800000000000000000e+01
-3.400000000000000000e+01
-5.500000000000000000e+01
-4.800000000000000000e+01
-1.800000000000000000e+02
-3.300000000000000000e+01
-4.000000000000000000e+01
-2.800000000000000000e+01
-4.400000000000000000e+01
-1.210000000000000000e+02
-2.300000000000000000e+01
-9.600000000000000000e+01
-7.000000000000000000e+01
-3.200000000000000000e+01
-2.100000000000000000e+01
-2.600000000000000000e+01
-1.900000000000000000e+01
-2.800000000000000000e+01
-5.600000000000000000e+01
-3.500000000000000000e+01
-5.400000000000000000e+01
-3.200000000000000000e+01
-1.140000000000000000e+02
-2.900000000000000000e+01
-5.700000000000000000e+01
-2.700000000000000000e+01
-1.700000000000000000e+01
-4.500000000000000000e+01
-2.700000000000000000e+01
-2.750000000000000000e+02
-9.600000000000000000e+01
-1.880000000000000000e+02
-6.000000000000000000e+01
-8.200000000000000000e+01
-5.200000000000000000e+01
-6.000000000000000000e+01
-8.800000000000000000e+01
-5.700000000000000000e+01
-1.470000000000000000e+02
-3.800000000000000000e+01
-8.800000000000000000e+01
-2.100000000000000000e+01
-3.000000000000000000e+01
-4.600000000000000000e+01
-7.700000000000000000e+01
-2.210000000000000000e+02
-3.100000000000000000e+01
-1.140000000000000000e+02
-1.170000000000000000e+02
-4.300000000000000000e+01
-7.100000000000000000e+01
-1.700000000000000000e+01
-5.000000000000000000e+01
-4.000000000000000000e+01
-2.700000000000000000e+01
-4.700000000000000000e+01
-2.700000000000000000e+01
-4.000000000000000000e+01
-2.300000000000000000e+01
-4.900000000000000000e+01
-2.300000000000000000e+01
-1.610000000000000000e+02
-3.400000000000000000e+01
-4.200000000000000000e+01
-1.510000000000000000e+02
-9.200000000000000000e+01
-7.100000000000000000e+01
-6.000000000000000000e+01
-1.900000000000000000e+01
-3.600000000000000000e+01
-7.800000000000000000e+01
-3.600000000000000000e+01
-4.600000000000000000e+01
-5.800000000000000000e+01
-1.180000000000000000e+02
-4.600000000000000000e+01
-2.800000000000000000e+01
-4.400000000000000000e+01
-3.300000000000000000e+01
-3.900000000000000000e+01
-1.000000000000000000e+02
-5.800000000000000000e+01
-2.170000000000000000e+02
-2.120000000000000000e+02
-7.400000000000000000e+01
-7.000000000000000000e+01
-5.700000000000000000e+01
-5.200000000000000000e+01
-6.600000000000000000e+01
-8.300000000000000000e+01
-3.000000000000000000e+01
-6.200000000000000000e+01
-6.900000000000000000e+01
-4.700000000000000000e+01
-2.060000000000000000e+02
-4.100000000000000000e+01
-6.000000000000000000e+01
-2.400000000000000000e+01
-4.900000000000000000e+01
-2.600000000000000000e+01
-2.500000000000000000e+01
-2.700000000000000000e+01
-4.000000000000000000e+01
-3.310000000000000000e+02
-4.300000000000000000e+01
-5.900000000000000000e+01
-2.400000000000000000e+01
-4.400000000000000000e+01
-2.300000000000000000e+01
-2.300000000000000000e+01
-3.900000000000000000e+01
-4.300000000000000000e+01
-7.300000000000000000e+01
-8.300000000000000000e+01
-2.200000000000000000e+02
-1.870000000000000000e+02
-5.400000000000000000e+01
-5.200000000000000000e+01
-2.200000000000000000e+01
-2.550000000000000000e+02
-2.100000000000000000e+01
-1.190000000000000000e+02
-2.100000000000000000e+01
-2.100000000000000000e+01
-1.900000000000000000e+01
-2.100000000000000000e+01
-2.100000000000000000e+01
-1.700000000000000000e+01
-4.200000000000000000e+01
-2.600000000000000000e+01
-2.100000000000000000e+01
-2.100000000000000000e+01
-1.900000000000000000e+01
-2.300000000000000000e+01
-1.900000000000000000e+01
-2.300000000000000000e+01
-1.250000000000000000e+02
-2.460000000000000000e+02
-2.300000000000000000e+01
-2.100000000000000000e+01
-2.800000000000000000e+01
-1.700000000000000000e+01
-1.370000000000000000e+02
-2.200000000000000000e+01
-2.200000000000000000e+01
-2.200000000000000000e+01
-1.700000000000000000e+01
-2.700000000000000000e+01
-1.170000000000000000e+02
-1.320000000000000000e+02
-2.200000000000000000e+01
-2.470000000000000000e+02
-1.300000000000000000e+02
-3.300000000000000000e+01
-1.700000000000000000e+01
-2.100000000000000000e+01
-2.300000000000000000e+01
-2.500000000000000000e+01
-1.900000000000000000e+01
-2.100000000000000000e+01
-1.800000000000000000e+01
-1.470000000000000000e+02
-1.700000000000000000e+01
-2.000000000000000000e+01
-2.300000000000000000e+01
-1.700000000000000000e+01
-1.340000000000000000e+02
-1.440000000000000000e+02
-1.900000000000000000e+01
-1.800000000000000000e+01
-2.100000000000000000e+01
-2.200000000000000000e+01
-2.100000000000000000e+01
-1.280000000000000000e+02
-1.900000000000000000e+01
-1.700000000000000000e+01
-2.200000000000000000e+01
-1.900000000000000000e+01
-2.900000000000000000e+01
-1.800000000000000000e+01
-2.500000000000000000e+01
-1.390000000000000000e+02
-1.900000000000000000e+01
-2.100000000000000000e+01
-3.300000000000000000e+01
-2.500000000000000000e+01
-2.300000000000000000e+01
-1.700000000000000000e+01
-2.000000000000000000e+01
-2.300000000000000000e+01
-2.000000000000000000e+01
-2.300000000000000000e+01
-1.180000000000000000e+02
-2.400000000000000000e+01
-2.500000000000000000e+01
-1.700000000000000000e+01
-2.100000000000000000e+01
-1.700000000000000000e+01
-2.100000000000000000e+01
-2.000000000000000000e+01
-2.500000000000000000e+01
-1.700000000000000000e+01
-2.500000000000000000e+01
-1.700000000000000000e+01
-2.100000000000000000e+01
-1.360000000000000000e+02
-2.700000000000000000e+01
-1.210000000000000000e+02
-2.800000000000000000e+01
-1.900000000000000000e+01
-1.320000000000000000e+02
-1.900000000000000000e+01
-2.600000000000000000e+01
-1.700000000000000000e+01
-2.000000000000000000e+01
-1.700000000000000000e+01
-1.700000000000000000e+01
-2.100000000000000000e+01
-2.400000000000000000e+01
-2.100000000000000000e+01
-2.000000000000000000e+01
-2.200000000000000000e+01
-2.100000000000000000e+01
-1.900000000000000000e+01
-1.800000000000000000e+01
-2.400000000000000000e+01
-1.900000000000000000e+01
-1.700000000000000000e+01
-2.400000000000000000e+01
-1.700000000000000000e+01
-2.700000000000000000e+01
-1.700000000000000000e+01
-2.500000000000000000e+01
-1.340000000000000000e+02
-1.320000000000000000e+02
-1.470000000000000000e+02
-1.410000000000000000e+02
-2.000000000000000000e+01
-2.100000000000000000e+01
-1.800000000000000000e+01
-2.100000000000000000e+01
-2.300000000000000000e+01
-2.400000000000000000e+01
-1.900000000000000000e+01
-2.100000000000000000e+01
-1.900000000000000000e+01
-1.900000000000000000e+01
-1.320000000000000000e+02
-1.700000000000000000e+01
-2.200000000000000000e+01
-1.340000000000000000e+02
-1.390000000000000000e+02
-2.100000000000000000e+01
-1.900000000000000000e+01
-2.200000000000000000e+01
-2.000000000000000000e+01
-2.000000000000000000e+01
-2.100000000000000000e+01
-2.100000000000000000e+01
-2.300000000000000000e+01
-1.700000000000000000e+01
-2.700000000000000000e+01
-2.400000000000000000e+01
-2.300000000000000000e+01
-1.700000000000000000e+01
-1.700000000000000000e+01
-2.900000000000000000e+01
-2.900000000000000000e+01
-1.900000000000000000e+01
-2.100000000000000000e+01
-2.300000000000000000e+01
-2.300000000000000000e+01
-2.300000000000000000e+01
-2.000000000000000000e+01
-2.200000000000000000e+01
-2.800000000000000000e+01
-2.100000000000000000e+01
-2.300000000000000000e+01
-1.900000000000000000e+01
-1.330000000000000000e+02
-2.100000000000000000e+01
-2.100000000000000000e+01
-1.700000000000000000e+01
-1.700000000000000000e+01
-2.400000000000000000e+01
-2.100000000000000000e+01
-2.000000000000000000e+01
-2.400000000000000000e+01
